 1.00000000e+00  3.14365926e-08 -3.19319738e-10 
 1.02329299e+00  3.14365925e-08 -3.26757650e-10 
 1.04712855e+00  3.14365925e-08 -3.34368814e-10 
 1.07151931e+00  3.14365925e-08 -3.42157264e-10 
 1.09647820e+00  3.14365925e-08 -3.50127130e-10 
 1.12201845e+00  3.14365925e-08 -3.58282639e-10 
 1.14815362e+00  3.14365925e-08 -3.66628114e-10 
 1.17489755e+00  3.14365925e-08 -3.75167979e-10 
 1.20226443e+00  3.14365924e-08 -3.83906764e-10 
 1.23026877e+00  3.14365924e-08 -3.92849102e-10 
 1.25892541e+00  3.14365924e-08 -4.01999733e-10 
 1.28824955e+00  3.14365924e-08 -4.11363509e-10 
 1.31825674e+00  3.14365924e-08 -4.20945396e-10 
 1.34896288e+00  3.14365923e-08 -4.30750474e-10 
 1.38038426e+00  3.14365923e-08 -4.40783942e-10 
 1.41253754e+00  3.14365923e-08 -4.51051119e-10 
 1.44543977e+00  3.14365923e-08 -4.61557449e-10 
 1.47910839e+00  3.14365923e-08 -4.72308503e-10 
 1.51356125e+00  3.14365922e-08 -4.83309981e-10 
 1.54881662e+00  3.14365922e-08 -4.94567717e-10 
 1.58489319e+00  3.14365922e-08 -5.06087679e-10 
 1.62181010e+00  3.14365921e-08 -5.17875975e-10 
 1.65958691e+00  3.14365921e-08 -5.29938857e-10 
 1.69824365e+00  3.14365921e-08 -5.42282718e-10 
 1.73780083e+00  3.14365920e-08 -5.54914105e-10 
 1.77827941e+00  3.14365920e-08 -5.67839715e-10 
 1.81970086e+00  3.14365920e-08 -5.81066402e-10 
 1.86208714e+00  3.14365919e-08 -5.94601177e-10 
 1.90546072e+00  3.14365919e-08 -6.08451217e-10 
 1.94984460e+00  3.14365918e-08 -6.22623867e-10 
 1.99526231e+00  3.14365918e-08 -6.37126640e-10 
 2.04173794e+00  3.14365917e-08 -6.51967226e-10 
 2.08929613e+00  3.14365917e-08 -6.67153493e-10 
 2.13796209e+00  3.14365916e-08 -6.82693494e-10 
 2.18776162e+00  3.14365916e-08 -6.98595469e-10 
 2.23872114e+00  3.14365915e-08 -7.14867848e-10 
 2.29086765e+00  3.14365915e-08 -7.31519259e-10 
 2.34422882e+00  3.14365914e-08 -7.48558531e-10 
 2.39883292e+00  3.14365913e-08 -7.65994699e-10 
 2.45470892e+00  3.14365913e-08 -7.83837008e-10 
 2.51188643e+00  3.14365912e-08 -8.02094917e-10 
 2.57039578e+00  3.14365911e-08 -8.20778108e-10 
 2.63026799e+00  3.14365910e-08 -8.39896486e-10 
 2.69153480e+00  3.14365910e-08 -8.59460189e-10 
 2.75422870e+00  3.14365909e-08 -8.79479588e-10 
 2.81838293e+00  3.14365908e-08 -8.99965299e-10 
 2.88403150e+00  3.14365907e-08 -9.20928184e-10 
 2.95120923e+00  3.14365906e-08 -9.42379357e-10 
 3.01995172e+00  3.14365905e-08 -9.64330192e-10 
 3.09029543e+00  3.14365904e-08 -9.86792328e-10 
 3.16227766e+00  3.14365902e-08 -1.00977767e-09 
 3.23593657e+00  3.14365901e-08 -1.03329842e-09 
 3.31131121e+00  3.14365900e-08 -1.05736703e-09 
 3.38844156e+00  3.14365899e-08 -1.08199627e-09 
 3.46736850e+00  3.14365897e-08 -1.10719920e-09 
 3.54813389e+00  3.14365896e-08 -1.13298919e-09 
 3.63078055e+00  3.14365894e-08 -1.15937989e-09 
 3.71535229e+00  3.14365893e-08 -1.18638532e-09 
 3.80189396e+00  3.14365891e-08 -1.21401978e-09 
 3.89045145e+00  3.14365889e-08 -1.24229794e-09 
 3.98107171e+00  3.14365887e-08 -1.27123477e-09 
 4.07380278e+00  3.14365885e-08 -1.30084564e-09 
 4.16869383e+00  3.14365883e-08 -1.33114622e-09 
 4.26579519e+00  3.14365881e-08 -1.36215260e-09 
 4.36515832e+00  3.14365879e-08 -1.39388121e-09 
 4.46683592e+00  3.14365877e-08 -1.42634888e-09 
 4.57088190e+00  3.14365874e-08 -1.45957281e-09 
 4.67735141e+00  3.14365872e-08 -1.49357063e-09 
 4.78630092e+00  3.14365869e-08 -1.52836036e-09 
 4.89778819e+00  3.14365866e-08 -1.56396044e-09 
 5.01187234e+00  3.14365864e-08 -1.60038976e-09 
 5.12861384e+00  3.14365860e-08 -1.63766763e-09 
 5.24807460e+00  3.14365857e-08 -1.67581381e-09 
 5.37031796e+00  3.14365854e-08 -1.71484853e-09 
 5.49540874e+00  3.14365850e-08 -1.75479248e-09 
 5.62341325e+00  3.14365847e-08 -1.79566685e-09 
 5.75439937e+00  3.14365843e-08 -1.83749330e-09 
 5.88843655e+00  3.14365839e-08 -1.88029402e-09 
 6.02559586e+00  3.14365835e-08 -1.92409169e-09 
 6.16595002e+00  3.14365830e-08 -1.96890954e-09 
 6.30957344e+00  3.14365826e-08 -2.01477134e-09 
 6.45654229e+00  3.14365821e-08 -2.06170139e-09 
 6.60693448e+00  3.14365816e-08 -2.10972459e-09 
 6.76082975e+00  3.14365811e-08 -2.15886639e-09 
 6.91830971e+00  3.14365805e-08 -2.20915284e-09 
 7.07945784e+00  3.14365799e-08 -2.26061062e-09 
 7.24435960e+00  3.14365793e-08 -2.31326701e-09 
 7.41310241e+00  3.14365787e-08 -2.36714992e-09 
 7.58577575e+00  3.14365780e-08 -2.42228793e-09 
 7.76247117e+00  3.14365773e-08 -2.47871026e-09 
 7.94328235e+00  3.14365766e-08 -2.53644684e-09 
 8.12830516e+00  3.14365758e-08 -2.59552828e-09 
 8.31763771e+00  3.14365750e-08 -2.65598590e-09 
 8.51138038e+00  3.14365742e-08 -2.71785175e-09 
 8.70963590e+00  3.14365733e-08 -2.78115865e-09 
 8.91250938e+00  3.14365724e-08 -2.84594016e-09 
 9.12010839e+00  3.14365714e-08 -2.91223062e-09 
 9.33254301e+00  3.14365704e-08 -2.98006519e-09 
 9.54992586e+00  3.14365693e-08 -3.04947982e-09 
 9.77237221e+00  3.14365682e-08 -3.12051133e-09 
 1.00000000e+01  3.14365671e-08 -3.19319738e-09 
 1.02329299e+01  3.14365659e-08 -3.26757650e-09 
 1.04712855e+01  3.14365646e-08 -3.34368814e-09 
 1.07151931e+01  3.14365633e-08 -3.42157264e-09 
 1.09647820e+01  3.14365619e-08 -3.50127130e-09 
 1.12201845e+01  3.14365604e-08 -3.58282639e-09 
 1.14815362e+01  3.14365589e-08 -3.66628114e-09 
 1.17489755e+01  3.14365573e-08 -3.75167979e-09 
 1.20226443e+01  3.14365556e-08 -3.83906764e-09 
 1.23026877e+01  3.14365539e-08 -3.92849102e-09 
 1.25892541e+01  3.14365520e-08 -4.01999733e-09 
 1.28824955e+01  3.14365501e-08 -4.11363509e-09 
 1.31825674e+01  3.14365481e-08 -4.20945396e-09 
 1.34896288e+01  3.14365460e-08 -4.30750474e-09 
 1.38038426e+01  3.14365438e-08 -4.40783942e-09 
 1.41253754e+01  3.14365415e-08 -4.51051119e-09 
 1.44543977e+01  3.14365391e-08 -4.61557449e-09 
 1.47910839e+01  3.14365365e-08 -4.72308503e-09 
 1.51356125e+01  3.14365339e-08 -4.83309981e-09 
 1.54881662e+01  3.14365311e-08 -4.94567717e-09 
 1.58489319e+01  3.14365282e-08 -5.06087679e-09 
 1.62181010e+01  3.14365251e-08 -5.17875975e-09 
 1.65958691e+01  3.14365219e-08 -5.29938856e-09 
 1.69824365e+01  3.14365186e-08 -5.42282718e-09 
 1.73780083e+01  3.14365151e-08 -5.54914105e-09 
 1.77827941e+01  3.14365114e-08 -5.67839715e-09 
 1.81970086e+01  3.14365076e-08 -5.81066401e-09 
 1.86208714e+01  3.14365036e-08 -5.94601177e-09 
 1.90546072e+01  3.14364994e-08 -6.08451217e-09 
 1.94984460e+01  3.14364950e-08 -6.22623867e-09 
 1.99526231e+01  3.14364904e-08 -6.37126640e-09 
 2.04173794e+01  3.14364855e-08 -6.51967226e-09 
 2.08929613e+01  3.14364805e-08 -6.67153493e-09 
 2.13796209e+01  3.14364752e-08 -6.82693494e-09 
 2.18776162e+01  3.14364696e-08 -6.98595468e-09 
 2.23872114e+01  3.14364638e-08 -7.14867847e-09 
 2.29086765e+01  3.14364578e-08 -7.31519259e-09 
 2.34422882e+01  3.14364514e-08 -7.48558531e-09 
 2.39883292e+01  3.14364447e-08 -7.65994699e-09 
 2.45470892e+01  3.14364378e-08 -7.83837008e-09 
 2.51188643e+01  3.14364304e-08 -8.02094917e-09 
 2.57039578e+01  3.14364228e-08 -8.20778108e-09 
 2.63026799e+01  3.14364148e-08 -8.39896486e-09 
 2.69153480e+01  3.14364064e-08 -8.59460188e-09 
 2.75422870e+01  3.14363976e-08 -8.79479588e-09 
 2.81838293e+01  3.14363884e-08 -8.99965299e-09 
 2.88403150e+01  3.14363788e-08 -9.20928184e-09 
 2.95120923e+01  3.14363687e-08 -9.42379357e-09 
 3.01995172e+01  3.14363581e-08 -9.64330192e-09 
 3.09029543e+01  3.14363471e-08 -9.86792327e-09 
 3.16227766e+01  3.14363355e-08 -1.00977767e-08 
 3.23593657e+01  3.14363234e-08 -1.03329842e-08 
 3.31131121e+01  3.14363107e-08 -1.05736703e-08 
 3.38844156e+01  3.14362974e-08 -1.08199627e-08 
 3.46736850e+01  3.14362834e-08 -1.10719920e-08 
 3.54813389e+01  3.14362688e-08 -1.13298918e-08 
 3.63078055e+01  3.14362536e-08 -1.15937989e-08 
 3.71535229e+01  3.14362376e-08 -1.18638532e-08 
 3.80189396e+01  3.14362209e-08 -1.21401978e-08 
 3.89045145e+01  3.14362033e-08 -1.24229794e-08 
 3.98107171e+01  3.14361850e-08 -1.27123477e-08 
 4.07380278e+01  3.14361657e-08 -1.30084563e-08 
 4.16869383e+01  3.14361456e-08 -1.33114622e-08 
 4.26579519e+01  3.14361245e-08 -1.36215260e-08 
 4.36515832e+01  3.14361025e-08 -1.39388121e-08 
 4.46683592e+01  3.14360794e-08 -1.42634887e-08 
 4.57088190e+01  3.14360552e-08 -1.45957281e-08 
 4.67735141e+01  3.14360298e-08 -1.49357063e-08 
 4.78630092e+01  3.14360033e-08 -1.52836035e-08 
 4.89778819e+01  3.14359755e-08 -1.56396044e-08 
 5.01187234e+01  3.14359464e-08 -1.60038976e-08 
 5.12861384e+01  3.14359160e-08 -1.63766763e-08 
 5.24807460e+01  3.14358841e-08 -1.67581380e-08 
 5.37031796e+01  3.14358507e-08 -1.71484852e-08 
 5.49540874e+01  3.14358157e-08 -1.75479248e-08 
 5.62341325e+01  3.14357790e-08 -1.79566684e-08 
 5.75439937e+01  3.14357407e-08 -1.83749330e-08 
 5.88843655e+01  3.14357005e-08 -1.88029401e-08 
 6.02559586e+01  3.14356585e-08 -1.92409169e-08 
 6.16595002e+01  3.14356145e-08 -1.96890954e-08 
 6.30957344e+01  3.14355683e-08 -2.01477133e-08 
 6.45654229e+01  3.14355201e-08 -2.06170139e-08 
 6.60693448e+01  3.14354695e-08 -2.10972458e-08 
 6.76082975e+01  3.14354166e-08 -2.15886638e-08 
 6.91830971e+01  3.14353611e-08 -2.20915284e-08 
 7.07945784e+01  3.14353031e-08 -2.26061062e-08 
 7.24435960e+01  3.14352423e-08 -2.31326700e-08 
 7.41310241e+01  3.14351786e-08 -2.36714991e-08 
 7.58577575e+01  3.14351120e-08 -2.42228792e-08 
 7.76247117e+01  3.14350422e-08 -2.47871025e-08 
 7.94328235e+01  3.14349691e-08 -2.53644683e-08 
 8.12830516e+01  3.14348926e-08 -2.59552826e-08 
 8.31763771e+01  3.14348125e-08 -2.65598588e-08 
 8.51138038e+01  3.14347286e-08 -2.71785174e-08 
 8.70963590e+01  3.14346407e-08 -2.78115864e-08 
 8.91250938e+01  3.14345487e-08 -2.84594015e-08 
 9.12010839e+01  3.14344524e-08 -2.91223061e-08 
 9.33254301e+01  3.14343515e-08 -2.98006517e-08 
 9.54992586e+01  3.14342459e-08 -3.04947981e-08 
 9.77237221e+01  3.14341353e-08 -3.12051131e-08 
 1.00000000e+02  3.14340195e-08 -3.19319736e-08 
 1.02329299e+02  3.14338982e-08 -3.26757648e-08 
 1.04712855e+02  3.14337712e-08 -3.34368811e-08 
 1.07151931e+02  3.14336382e-08 -3.42157261e-08 
 1.09647820e+02  3.14334990e-08 -3.50127128e-08 
 1.12201845e+02  3.14333531e-08 -3.58282636e-08 
 1.14815362e+02  3.14332005e-08 -3.66628110e-08 
 1.17489755e+02  3.14330406e-08 -3.75167976e-08 
 1.20226443e+02  3.14328732e-08 -3.83906761e-08 
 1.23026877e+02  3.14326979e-08 -3.92849098e-08 
 1.25892541e+02  3.14325143e-08 -4.01999729e-08 
 1.28824955e+02  3.14323221e-08 -4.11363505e-08 
 1.31825674e+02  3.14321208e-08 -4.20945392e-08 
 1.34896288e+02  3.14319101e-08 -4.30750469e-08 
 1.38038426e+02  3.14316894e-08 -4.40783936e-08 
 1.41253754e+02  3.14314583e-08 -4.51051113e-08 
 1.44543977e+02  3.14312163e-08 -4.61557443e-08 
 1.47910839e+02  3.14309629e-08 -4.72308496e-08 
 1.51356125e+02  3.14306976e-08 -4.83309974e-08 
 1.54881662e+02  3.14304197e-08 -4.94567709e-08 
 1.58489319e+02  3.14301288e-08 -5.06087671e-08 
 1.62181010e+02  3.14298242e-08 -5.17875967e-08 
 1.65958691e+02  3.14295052e-08 -5.29938847e-08 
 1.69824365e+02  3.14291712e-08 -5.42282708e-08 
 1.73780083e+02  3.14288214e-08 -5.54914094e-08 
 1.77827941e+02  3.14284551e-08 -5.67839704e-08 
 1.81970086e+02  3.14280716e-08 -5.81066389e-08 
 1.86208714e+02  3.14276700e-08 -5.94601163e-08 
 1.90546072e+02  3.14272495e-08 -6.08451203e-08 
 1.94984460e+02  3.14268092e-08 -6.22623851e-08 
 1.99526231e+02  3.14263481e-08 -6.37126623e-08 
 2.04173794e+02  3.14258652e-08 -6.51967208e-08 
 2.08929613e+02  3.14253597e-08 -6.67153474e-08 
 2.13796209e+02  3.14248303e-08 -6.82693474e-08 
 2.18776162e+02  3.14242759e-08 -6.98595447e-08 
 2.23872114e+02  3.14236954e-08 -7.14867824e-08 
 2.29086765e+02  3.14230876e-08 -7.31519234e-08 
 2.34422882e+02  3.14224511e-08 -7.48558504e-08 
 2.39883292e+02  3.14217846e-08 -7.65994670e-08 
 2.45470892e+02  3.14210868e-08 -7.83836977e-08 
 2.51188643e+02  3.14203560e-08 -8.02094884e-08 
 2.57039578e+02  3.14195908e-08 -8.20778072e-08 
 2.63026799e+02  3.14187895e-08 -8.39896448e-08 
 2.69153480e+02  3.14179504e-08 -8.59460148e-08 
 2.75422870e+02  3.14170719e-08 -8.79479544e-08 
 2.81838293e+02  3.14161519e-08 -8.99965252e-08 
 2.88403150e+02  3.14151885e-08 -9.20928134e-08 
 2.95120923e+02  3.14141797e-08 -9.42379303e-08 
 3.01995172e+02  3.14131235e-08 -9.64330134e-08 
 3.09029543e+02  3.14120174e-08 -9.86792266e-08 
 3.16227766e+02  3.14108592e-08 -1.00977761e-07 
 3.23593657e+02  3.14096464e-08 -1.03329835e-07 
 3.31131121e+02  3.14083764e-08 -1.05736695e-07 
 3.38844156e+02  3.14070466e-08 -1.08199619e-07 
 3.46736850e+02  3.14056542e-08 -1.10719912e-07 
 3.54813389e+02  3.14041961e-08 -1.13298909e-07 
 3.63078055e+02  3.14026693e-08 -1.15937979e-07 
 3.71535229e+02  3.14010705e-08 -1.18638521e-07 
 3.80189396e+02  3.13993964e-08 -1.21401967e-07 
 3.89045145e+02  3.13976434e-08 -1.24229781e-07 
 3.98107171e+02  3.13958077e-08 -1.27123464e-07 
 4.07380278e+02  3.13938856e-08 -1.30084549e-07 
 4.16869383e+02  3.13918729e-08 -1.33114607e-07 
 4.26579519e+02  3.13897653e-08 -1.36215244e-07 
 4.36515832e+02  3.13875584e-08 -1.39388104e-07 
 4.46683592e+02  3.13852474e-08 -1.42634869e-07 
 4.57088190e+02  3.13828276e-08 -1.45957261e-07 
 4.67735141e+02  3.13802937e-08 -1.49357041e-07 
 4.78630092e+02  3.13776404e-08 -1.52836013e-07 
 4.89778819e+02  3.13748621e-08 -1.56396020e-07 
 5.01187234e+02  3.13719528e-08 -1.60038950e-07 
 5.12861384e+02  3.13689064e-08 -1.63766734e-07 
 5.24807460e+02  3.13657165e-08 -1.67581350e-07 
 5.37031796e+02  3.13623762e-08 -1.71484820e-07 
 5.49540874e+02  3.13588785e-08 -1.75479213e-07 
 5.62341325e+02  3.13552159e-08 -1.79566647e-07 
 5.75439937e+02  3.13513807e-08 -1.83749290e-07 
 5.88843655e+02  3.13473648e-08 -1.88029359e-07 
 6.02559586e+02  3.13431596e-08 -1.92409123e-07 
 6.16595002e+02  3.13387563e-08 -1.96890905e-07 
 6.30957344e+02  3.13341454e-08 -2.01477081e-07 
 6.45654229e+02  3.13293172e-08 -2.06170083e-07 
 6.60693448e+02  3.13242614e-08 -2.10972398e-07 
 6.76082975e+02  3.13189674e-08 -2.15886574e-07 
 6.91830971e+02  3.13134239e-08 -2.20915215e-07 
 7.07945784e+02  3.13076191e-08 -2.26060988e-07 
 7.24435960e+02  3.13015408e-08 -2.31326621e-07 
 7.41310241e+02  3.12951760e-08 -2.36714907e-07 
 7.58577575e+02  3.12885112e-08 -2.42228701e-07 
 7.76247117e+02  3.12815324e-08 -2.47870928e-07 
 7.94328235e+02  3.12742246e-08 -2.53644579e-07 
 8.12830516e+02  3.12665724e-08 -2.59552715e-07 
 8.31763771e+02  3.12585596e-08 -2.65598469e-07 
 8.51138038e+02  3.12501692e-08 -2.71785046e-07 
 8.70963590e+02  3.12413833e-08 -2.78115727e-07 
 8.91250938e+02  3.12321834e-08 -2.84593867e-07 
 9.12010839e+02  3.12225498e-08 -2.91222903e-07 
 9.33254301e+02  3.12124623e-08 -2.98006348e-07 
 9.54992586e+02  3.12018994e-08 -3.04947799e-07 
 9.77237221e+02  3.11908386e-08 -3.12050937e-07 
 1.00000000e+03  3.11792566e-08 -3.19319528e-07 
 1.02329299e+03  3.11671287e-08 -3.26757425e-07 
 1.04712855e+03  3.11544293e-08 -3.34368572e-07 
 1.07151931e+03  3.11411314e-08 -3.42157005e-07 
 1.09647820e+03  3.11272067e-08 -3.50126853e-07 
 1.12201845e+03  3.11126258e-08 -3.58282342e-07 
 1.14815362e+03  3.10973577e-08 -3.66627796e-07 
 1.17489755e+03  3.10813701e-08 -3.75167639e-07 
 1.20226443e+03  3.10646290e-08 -3.83906399e-07 
 1.23026877e+03  3.10470989e-08 -3.92848710e-07 
 1.25892541e+03  3.10287426e-08 -4.01999314e-07 
 1.28824955e+03  3.10095213e-08 -4.11363060e-07 
 1.31825674e+03  3.09893941e-08 -4.20944915e-07 
 1.34896288e+03  3.09683183e-08 -4.30749959e-07 
 1.38038426e+03  3.09462492e-08 -4.40783389e-07 
 1.41253754e+03  3.09231401e-08 -4.51050527e-07 
 1.44543977e+03  3.08989419e-08 -4.61556815e-07 
 1.47910839e+03  3.08736032e-08 -4.72307823e-07 
 1.51356125e+03  3.08470704e-08 -4.83309253e-07 
 1.54881662e+03  3.08192871e-08 -4.94566937e-07 
 1.58489319e+03  3.07901945e-08 -5.06086843e-07 
 1.62181010e+03  3.07597308e-08 -5.17875079e-07 
 1.65958691e+03  3.07278313e-08 -5.29937896e-07 
 1.69824365e+03  3.06944285e-08 -5.42281689e-07 
 1.73780083e+03  3.06594515e-08 -5.54913003e-07 
 1.77827941e+03  3.06228261e-08 -5.67838534e-07 
 1.81970086e+03  3.05844746e-08 -5.81065136e-07 
 1.86208714e+03  3.05443156e-08 -5.94599820e-07 
 1.90546072e+03  3.05022640e-08 -6.08449764e-07 
 1.94984460e+03  3.04582307e-08 -6.22622310e-07 
 1.99526231e+03  3.04121221e-08 -6.37124971e-07 
 2.04173794e+03  3.03638404e-08 -6.51965438e-07 
 2.08929613e+03  3.03132834e-08 -6.67151577e-07 
 2.13796209e+03  3.02603437e-08 -6.82691442e-07 
 2.18776162e+03  3.02049091e-08 -6.98593269e-07 
 2.23872114e+03  3.01468619e-08 -7.14865491e-07 
 2.29086765e+03  3.00860791e-08 -7.31516733e-07 
 2.34422882e+03  3.00224317e-08 -7.48555825e-07 
 2.39883292e+03  2.99557848e-08 -7.65991800e-07 
 2.45470892e+03  2.98859969e-08 -7.83833901e-07 
 2.51188643e+03  2.98129200e-08 -8.02091588e-07 
 2.57039578e+03  2.97363992e-08 -8.20774541e-07 
 2.63026799e+03  2.96562721e-08 -8.39892664e-07 
 2.69153480e+03  2.95723688e-08 -8.59456093e-07 
 2.75422870e+03  2.94845113e-08 -8.79475199e-07 
 2.81838293e+03  2.93925133e-08 -8.99960597e-07 
 2.88403150e+03  2.92961796e-08 -9.20923145e-07 
 2.95120923e+03  2.91953060e-08 -9.42373958e-07 
 3.01995172e+03  2.90896784e-08 -9.64324407e-07 
 3.09029543e+03  2.89790728e-08 -9.86786129e-07 
 3.16227766e+03  2.88632547e-08 -1.00977103e-06 
 3.23593657e+03  2.87419783e-08 -1.03329130e-06 
 3.31131121e+03  2.86149865e-08 -1.05735940e-06 
 3.38844156e+03  2.84820098e-08 -1.08198810e-06 
 3.46736850e+03  2.83427664e-08 -1.10719045e-06 
 3.54813389e+03  2.81969607e-08 -1.13297980e-06 
 3.63078055e+03  2.80442836e-08 -1.15936984e-06 
 3.71535229e+03  2.78844113e-08 -1.18637455e-06 
 3.80189396e+03  2.77170047e-08 -1.21400824e-06 
 3.89045145e+03  2.75417086e-08 -1.24228557e-06 
 3.98107171e+03  2.73581514e-08 -1.27122152e-06 
 4.07380278e+03  2.71659437e-08 -1.30083143e-06 
 4.16869383e+03  2.69646778e-08 -1.33113101e-06 
 4.26579519e+03  2.67539269e-08 -1.36213630e-06 
 4.36515832e+03  2.65332440e-08 -1.39386374e-06 
 4.46683592e+03  2.63021611e-08 -1.42633016e-06 
 4.57088190e+03  2.60601880e-08 -1.45955275e-06 
 4.67735141e+03  2.58068116e-08 -1.49354913e-06 
 4.78630092e+03  2.55414945e-08 -1.52833732e-06 
 4.89778819e+03  2.52636740e-08 -1.56393576e-06 
 5.01187234e+03  2.49727608e-08 -1.60036332e-06 
 5.12861384e+03  2.46681381e-08 -1.63763929e-06 
 5.24807460e+03  2.43491598e-08 -1.67578345e-06 
 5.37031796e+03  2.40151493e-08 -1.71481599e-06 
 5.49540874e+03  2.36653984e-08 -1.75475762e-06 
 5.62341325e+03  2.32991653e-08 -1.79562949e-06 
 5.75439937e+03  2.29156733e-08 -1.83745328e-06 
 5.88843655e+03  2.25141092e-08 -1.88025113e-06 
 6.02559586e+03  2.20936213e-08 -1.92404574e-06 
 6.16595002e+03  2.16533179e-08 -1.96886031e-06 
 6.30957344e+03  2.11922654e-08 -2.01471858e-06 
 6.45654229e+03  2.07094859e-08 -2.06164486e-06 
 6.60693448e+03  2.02039558e-08 -2.10966401e-06 
 6.76082975e+03  1.96746030e-08 -2.15880148e-06 
 6.91830971e+03  1.91203050e-08 -2.20908329e-06 
 7.07945784e+03  1.85398863e-08 -2.26053610e-06 
 7.24435960e+03  1.79321163e-08 -2.31318716e-06 
 7.41310241e+03  1.72957061e-08 -2.36706436e-06 
 7.58577575e+03  1.66293064e-08 -2.42219624e-06 
 7.76247117e+03  1.59315040e-08 -2.47861202e-06 
 7.94328235e+03  1.52008194e-08 -2.53634157e-06 
 8.12830516e+03  1.44357033e-08 -2.59541548e-06 
 8.31763771e+03  1.36345334e-08 -2.65586504e-06 
 8.51138038e+03  1.27956111e-08 -2.71772225e-06 
 8.70963590e+03  1.19171577e-08 -2.78101989e-06 
 8.91250938e+03  1.09973107e-08 -2.84579148e-06 
 9.12010839e+03  1.00341199e-08 -2.91207131e-06 
 9.33254301e+03  9.02554334e-09 -2.97989448e-06 
 9.54992586e+03  7.96944279e-09 -3.04929691e-06 
 9.77237221e+03  6.86357936e-09 -3.12031534e-06 
 1.00000000e+04  5.70560873e-09 -3.19298737e-06 
 1.02329299e+04  4.49307618e-09 -3.26735148e-06 
 1.04712855e+04  3.22341140e-09 -3.34344702e-06 
 1.07151931e+04  1.89392304e-09 -3.42131428e-06 
 1.09647820e+04  5.01793043e-10 -3.50099448e-06 
 1.12201845e+04 -9.55929326e-10 -3.58252977e-06 
 1.14815362e+04 -2.48233374e-09 -3.66596331e-06 
 1.17489755e+04 -4.08065531e-09 -3.75133924e-06 
 1.20226443e+04 -5.75428147e-09 -3.83870274e-06 
 1.23026877e+04 -7.50675909e-09 -3.92810002e-06 
 1.25892541e+04 -9.34180201e-09 -4.01957838e-06 
 1.28824955e+04 -1.12632989e-08 -4.11318619e-06 
 1.31825674e+04 -1.32753213e-08 -4.20897297e-06 
 1.34896288e+04 -1.53821326e-08 -4.30698936e-06 
 1.38038426e+04 -1.75881967e-08 -4.40728719e-06 
 1.41253754e+04 -1.98981875e-08 -4.50991948e-06 
 1.44543977e+04 -2.23169989e-08 -4.61494048e-06 
 1.47910839e+04 -2.48497551e-08 -4.72240569e-06 
 1.51356125e+04 -2.75018213e-08 -4.83237191e-06 
 1.54881662e+04 -3.02788151e-08 -4.94489724e-06 
 1.58489319e+04 -3.31866183e-08 -5.06004110e-06 
 1.62181010e+04 -3.62313894e-08 -5.17786433e-06 
 1.65958691e+04 -3.94195765e-08 -5.29842914e-06 
 1.69824365e+04 -4.27579310e-08 -5.42179917e-06 
 1.73780083e+04 -4.62535215e-08 -5.54803957e-06 
 1.77827941e+04 -4.99137493e-08 -5.67721694e-06 
 1.81970086e+04 -5.37463634e-08 -5.80939945e-06 
 1.86208714e+04 -5.77594769e-08 -5.94465682e-06 
 1.90546072e+04 -6.19615846e-08 -6.08306039e-06 
 1.94984460e+04 -6.63615800e-08 -6.22468313e-06 
 1.99526231e+04 -7.09687750e-08 -6.36959970e-06 
 2.04173794e+04 -7.57929184e-08 -6.51788645e-06 
 2.08929613e+04 -8.08442174e-08 -6.66962152e-06 
 2.13796209e+04 -8.61333582e-08 -6.82488481e-06 
 2.18776162e+04 -9.16715292e-08 -6.98375806e-06 
 2.23872114e+04 -9.74704436e-08 -7.14632491e-06 
 2.29086765e+04 -1.03542365e-07 -7.31267087e-06 
 2.34422882e+04 -1.09900132e-07 -7.48288343e-06 
 2.39883292e+04 -1.16557185e-07 -7.65705210e-06 
 2.45470892e+04 -1.23527598e-07 -7.83526839e-06 
 2.51188643e+04 -1.30826101e-07 -8.01762592e-06 
 2.57039578e+04 -1.38468117e-07 -8.20422046e-06 
 2.63026799e+04 -1.46469792e-07 -8.39514994e-06 
 2.69153480e+04 -1.54848029e-07 -8.59051450e-06 
 2.75422870e+04 -1.63620522e-07 -8.79041661e-06 
 2.81838293e+04 -1.72805795e-07 -8.99496100e-06 
 2.88403150e+04 -1.82423238e-07 -9.20425483e-06 
 2.95120923e+04 -1.92493150e-07 -9.41840764e-06 
 3.01995172e+04 -2.03036782e-07 -9.63753148e-06 
 3.09029543e+04 -2.14076375e-07 -9.86174090e-06 
 3.16227766e+04 -2.25635214e-07 -1.00911531e-05 
 3.23593657e+04 -2.37737672e-07 -1.03258877e-05 
 3.31131121e+04 -2.50409259e-07 -1.05660674e-05 
 3.38844156e+04 -2.63676682e-07 -1.08118173e-05 
 3.46736850e+04 -2.77567890e-07 -1.10632654e-05 
 3.54813389e+04 -2.92112139e-07 -1.13205426e-05 
 3.63078055e+04 -3.07340053e-07 -1.15837828e-05 
 3.71535229e+04 -3.23283681e-07 -1.18531226e-05 
 3.80189396e+04 -3.39976568e-07 -1.21287019e-05 
 3.89045145e+04 -3.57453821e-07 -1.24106637e-05 
 3.98107171e+04 -3.75752185e-07 -1.26991539e-05 
 4.07380278e+04 -3.94910114e-07 -1.29943220e-05 
 4.16869383e+04 -4.14967851e-07 -1.32963203e-05 
 4.26579519e+04 -4.35967512e-07 -1.36053050e-05 
 4.36515832e+04 -4.57953170e-07 -1.39214352e-05 
 4.46683592e+04 -4.80970944e-07 -1.42448738e-05 
 4.57088190e+04 -5.05069097e-07 -1.45757871e-05 
 4.67735141e+04 -5.30298127e-07 -1.49143450e-05 
 4.78630092e+04 -5.56710877e-07 -1.52607212e-05 
 4.89778819e+04 -5.84362635e-07 -1.56150930e-05 
 5.01187234e+04 -6.13311250e-07 -1.59776415e-05 
 5.12861384e+04 -6.43617245e-07 -1.63485517e-05 
 5.24807460e+04 -6.75343944e-07 -1.67280125e-05 
 5.37031796e+04 -7.08557592e-07 -1.71162168e-05 
 5.49540874e+04 -7.43327490e-07 -1.75133616e-05 
 5.62341325e+04 -7.79726137e-07 -1.79196480e-05 
 5.75439937e+04 -8.17829368e-07 -1.83352812e-05 
 5.88843655e+04 -8.57716510e-07 -1.87604709e-05 
 6.02559586e+04 -8.99470532e-07 -1.91954307e-05 
 6.16595002e+04 -9.43178216e-07 -1.96403790e-05 
 6.30957344e+04 -9.88930324e-07 -2.00955384e-05 
 6.45654229e+04 -1.03682177e-06 -2.05611361e-05 
 6.60693448e+04 -1.08695183e-06 -2.10374037e-05 
 6.76082975e+04 -1.13942430e-06 -2.15245775e-05 
 6.91830971e+04 -1.19434771e-06 -2.20228986e-05 
 7.07945784e+04 -1.25183555e-06 -2.25326127e-05 
 7.24435960e+04 -1.31200648e-06 -2.30539702e-05 
 7.41310241e+04 -1.37498455e-06 -2.35872264e-05 
 7.58577575e+04 -1.44089944e-06 -2.41326415e-05 
 7.76247117e+04 -1.50988671e-06 -2.46904804e-05 
 7.94328235e+04 -1.58208806e-06 -2.52610133e-05 
 8.12830516e+04 -1.65765159e-06 -2.58445149e-05 
 8.31763771e+04 -1.73673209e-06 -2.64412654e-05 
 8.51138038e+04 -1.81949132e-06 -2.70515496e-05 
 8.70963590e+04 -1.90609831e-06 -2.76756577e-05 
 8.91250938e+04 -1.99672969e-06 -2.83138846e-05 
 9.12010839e+04 -2.09157000e-06 -2.89665306e-05 
 9.33254301e+04 -2.19081204e-06 -2.96339008e-05 
 9.54992586e+04 -2.29465721e-06 -3.03163056e-05 
 9.77237221e+04 -2.40331589e-06 -3.10140602e-05 
 1.00000000e+05 -2.51700781e-06 -3.17274850e-05 
 1.02329299e+05 -2.63596247e-06 -3.24569053e-05 
 1.04712855e+05 -2.76041951e-06 -3.32026514e-05 
 1.07151931e+05 -2.89062917e-06 -3.39650585e-05 
 1.09647820e+05 -3.02685274e-06 -3.47444664e-05 
 1.12201845e+05 -3.16936297e-06 -3.55412200e-05 
 1.14815362e+05 -3.31844462e-06 -3.63556686e-05 
 1.17489755e+05 -3.47439489e-06 -3.71881662e-05 
 1.20226443e+05 -3.63752398e-06 -3.80390710e-05 
 1.23026877e+05 -3.80815558e-06 -3.89087457e-05 
 1.25892541e+05 -3.98662746e-06 -3.97975572e-05 
 1.28824955e+05 -4.17329203e-06 -4.07058759e-05 
 1.31825674e+05 -4.36851693e-06 -4.16340765e-05 
 1.34896288e+05 -4.57268562e-06 -4.25825369e-05 
 1.38038426e+05 -4.78619807e-06 -4.35516384e-05 
 1.41253754e+05 -5.00947135e-06 -4.45417651e-05 
 1.44543977e+05 -5.24294036e-06 -4.55533041e-05 
 1.47910839e+05 -5.48705850e-06 -4.65866448e-05 
 1.51356125e+05 -5.74229841e-06 -4.76421784e-05 
 1.54881662e+05 -6.00915270e-06 -4.87202980e-05 
 1.58489319e+05 -6.28813473e-06 -4.98213977e-05 
 1.62181010e+05 -6.57977939e-06 -5.09458723e-05 
 1.65958691e+05 -6.88464394e-06 -5.20941169e-05 
 1.69824365e+05 -7.20330880e-06 -5.32665260e-05 
 1.73780083e+05 -7.53637847e-06 -5.44634934e-05 
 1.77827941e+05 -7.88448236e-06 -5.56854111e-05 
 1.81970086e+05 -8.24827571e-06 -5.69326686e-05 
 1.86208714e+05 -8.62844052e-06 -5.82056523e-05 
 1.90546072e+05 -9.02568650e-06 -5.95047448e-05 
 1.94984460e+05 -9.44075198e-06 -6.08303235e-05 
 1.99526231e+05 -9.87440496e-06 -6.21827599e-05 
 2.04173794e+05 -1.03274440e-05 -6.35624188e-05 
 2.08929613e+05 -1.08006994e-05 -6.49696567e-05 
 2.13796209e+05 -1.12950340e-05 -6.64048208e-05 
 2.18776162e+05 -1.18113442e-05 -6.78682476e-05 
 2.23872114e+05 -1.23505613e-05 -6.93602616e-05 
 2.29086765e+05 -1.29136521e-05 -7.08811738e-05 
 2.34422882e+05 -1.35016201e-05 -7.24312798e-05 
 2.39883292e+05 -1.41155067e-05 -7.40108585e-05 
 2.45470892e+05 -1.47563917e-05 -7.56201700e-05 
 2.51188643e+05 -1.54253947e-05 -7.72594536e-05 
 2.57039578e+05 -1.61236759e-05 -7.89289258e-05 
 2.63026799e+05 -1.68524370e-05 -8.06287780e-05 
 2.69153480e+05 -1.76129217e-05 -8.23591745e-05 
 2.75422870e+05 -1.84064173e-05 -8.41202493e-05 
 2.81838293e+05 -1.92342545e-05 -8.59121040e-05 
 2.88403150e+05 -2.00978087e-05 -8.77348051e-05 
 2.95120923e+05 -2.09985005e-05 -8.95883805e-05 
 3.01995172e+05 -2.19377956e-05 -9.14728169e-05 
 3.09029543e+05 -2.29172061e-05 -9.33880561e-05 
 3.16227766e+05 -2.39382898e-05 -9.53339922e-05 
 3.23593657e+05 -2.50026509e-05 -9.73104673e-05 
 3.31131121e+05 -2.61119398e-05 -9.93172683e-05 
 3.38844156e+05 -2.72678525e-05 -1.01354123e-04 
 3.46736850e+05 -2.84721308e-05 -1.03420694e-04 
 3.54813389e+05 -2.97265610e-05 -1.05516580e-04 
 3.63078055e+05 -3.10329736e-05 -1.07641304e-04 
 3.71535229e+05 -3.23932418e-05 -1.09794314e-04 
 3.80189396e+05 -3.38092802e-05 -1.11974977e-04 
 3.89045145e+05 -3.52830430e-05 -1.14182574e-04 
 3.98107171e+05 -3.68165224e-05 -1.16416294e-04 
 4.07380278e+05 -3.84117457e-05 -1.18675231e-04 
 4.16869383e+05 -4.00707730e-05 -1.20958378e-04 
 4.26579519e+05 -4.17956939e-05 -1.23264621e-04 
 4.36515832e+05 -4.35886241e-05 -1.25592735e-04 
 4.46683592e+05 -4.54517015e-05 -1.27941379e-04 
 4.57088190e+05 -4.73870816e-05 -1.30309088e-04 
 4.67735141e+05 -4.93969331e-05 -1.32694271e-04 
 4.78630092e+05 -5.14834318e-05 -1.35095204e-04 
 4.89778819e+05 -5.36487555e-05 -1.37510027e-04 
 5.01187234e+05 -5.58950773e-05 -1.39936736e-04 
 5.12861384e+05 -5.82245583e-05 -1.42373180e-04 
 5.24807460e+05 -6.06393406e-05 -1.44817057e-04 
 5.37031796e+05 -6.31415392e-05 -1.47265908e-04 
 5.49540874e+05 -6.57332328e-05 -1.49717115e-04 
 5.62341325e+05 -6.84164552e-05 -1.52167898e-04 
 5.75439937e+05 -7.11931852e-05 -1.54615307e-04 
 5.88843655e+05 -7.40653362e-05 -1.57056226e-04 
 6.02559586e+05 -7.70347454e-05 -1.59487368e-04 
 6.16595002e+05 -8.01031624e-05 -1.61905274e-04 
 6.30957344e+05 -8.32722371e-05 -1.64306311e-04 
 6.45654229e+05 -8.65435076e-05 -1.66686675e-04 
 6.60693448e+05 -8.99183869e-05 -1.69042391e-04 
 6.76082975e+05 -9.33981503e-05 -1.71369312e-04 
 6.91830971e+05 -9.69839215e-05 -1.73663129e-04 
 7.07945784e+05 -1.00676659e-04 -1.75919367e-04 
 7.24435960e+05 -1.04477144e-04 -1.78133398e-04 
 7.41310241e+05 -1.08385961e-04 -1.80300439e-04 
 7.58577575e+05 -1.12403492e-04 -1.82415569e-04 
 7.76247117e+05 -1.16529897e-04 -1.84473728e-04 
 7.94328235e+05 -1.20765101e-04 -1.86469737e-04 
 8.12830516e+05 -1.25108784e-04 -1.88398301e-04 
 8.31763771e+05 -1.29560367e-04 -1.90254027e-04 
 8.51138038e+05 -1.34118998e-04 -1.92031438e-04 
 8.70963590e+05 -1.38783544e-04 -1.93724984e-04 
 8.91250938e+05 -1.43552580e-04 -1.95329064e-04 
 9.12010839e+05 -1.48424379e-04 -1.96838042e-04 
 9.33254301e+05 -1.53396908e-04 -1.98246263e-04 
 9.54992586e+05 -1.58467813e-04 -1.99548078e-04 
 9.77237221e+05 -1.63634427e-04 -2.00737863e-04 
 1.00000000e+06 -1.68893754e-04 -2.01810040e-04 
 1.02329299e+06 -1.74242476e-04 -2.02759098e-04 
 1.04712855e+06 -1.79676951e-04 -2.03579622e-04 
 1.07151931e+06 -1.85193213e-04 -2.04266309e-04 
 1.09647820e+06 -1.90786982e-04 -2.04813998e-04 
 1.12201845e+06 -1.96453664e-04 -2.05217687e-04 
 1.14815362e+06 -2.02188363e-04 -2.05472564e-04 
 1.17489755e+06 -2.07985893e-04 -2.05574021e-04 
 1.20226443e+06 -2.13840788e-04 -2.05517684e-04 
 1.23026877e+06 -2.19747318e-04 -2.05299428e-04 
 1.25892541e+06 -2.25699506e-04 -2.04915403e-04 
 1.28824955e+06 -2.31691145e-04 -2.04362045e-04 
 1.31825674e+06 -2.37715822e-04 -2.03636101e-04 
 1.34896288e+06 -2.43766936e-04 -2.02734640e-04 
 1.38038426e+06 -2.49837724e-04 -2.01655067e-04 
 1.41253754e+06 -2.55921286e-04 -2.00395134e-04 
 1.44543977e+06 -2.62010609e-04 -1.98952951e-04 
 1.47910839e+06 -2.68098592e-04 -1.97326992e-04 
 1.51356125e+06 -2.74178078e-04 -1.95516100e-04 
 1.54881662e+06 -2.80241878e-04 -1.93519486e-04 
 1.58489319e+06 -2.86282799e-04 -1.91336734e-04 
 1.62181010e+06 -2.92293670e-04 -1.88967793e-04 
 1.65958691e+06 -2.98267371e-04 -1.86412976e-04 
 1.69824365e+06 -3.04196859e-04 -1.83672948e-04 
 1.73780083e+06 -3.10075190e-04 -1.80748721e-04 
 1.77827941e+06 -3.15895546e-04 -1.77641638e-04 
 1.81970086e+06 -3.21651256e-04 -1.74353361e-04 
 1.86208714e+06 -3.27335821e-04 -1.70885853e-04 
 1.90546072e+06 -3.32942924e-04 -1.67241365e-04 
 1.94984460e+06 -3.38466459e-04 -1.63422412e-04 
 1.99526231e+06 -3.43900536e-04 -1.59431755e-04 
 2.04173794e+06 -3.49239504e-04 -1.55272381e-04 
 2.08929613e+06 -3.54477952e-04 -1.50947477e-04 
 2.13796209e+06 -3.59610728e-04 -1.46460415e-04 
 2.18776162e+06 -3.64632938e-04 -1.41814718e-04 
 2.23872114e+06 -3.69539956e-04 -1.37014049e-04 
 2.29086765e+06 -3.74327424e-04 -1.32062179e-04 
 2.34422882e+06 -3.78991253e-04 -1.26962967e-04 
 2.39883292e+06 -3.83527621e-04 -1.21720341e-04 
 2.45470892e+06 -3.87932971e-04 -1.16338272e-04 
 2.51188643e+06 -3.92204004e-04 -1.10820756e-04 
 2.57039578e+06 -3.96337675e-04 -1.05171794e-04 
 2.63026799e+06 -4.00331181e-04 -9.93953703e-05 
 2.69153480e+06 -4.04181953e-04 -9.34954401e-05 
 2.75422870e+06 -4.07887646e-04 -8.74759096e-05 
 2.81838293e+06 -4.11446124e-04 -8.13406222e-05 
 2.88403150e+06 -4.14855451e-04 -7.50933455e-05 
 2.95120923e+06 -4.18113873e-04 -6.87377586e-05 
 3.01995172e+06 -4.21219805e-04 -6.22774422e-05 
 3.09029543e+06 -4.24171816e-04 -5.57158690e-05 
 3.16227766e+06 -4.26968615e-04 -4.90563968e-05 
 3.23593657e+06 -4.29609033e-04 -4.23022618e-05 
 3.31131121e+06 -4.32092005e-04 -3.54565744e-05 
 3.38844156e+06 -4.34416561e-04 -2.85223160e-05 
 3.46736850e+06 -4.36581803e-04 -2.15023367e-05 
 3.54813389e+06 -4.38586894e-04 -1.43993555e-05 
 3.63078055e+06 -4.40431039e-04 -7.21596026e-06 
 3.71535229e+06 -4.42113473e-04  4.53895734e-08 
 3.80189396e+06 -4.43633445e-04  7.38236028e-06 
 3.89045145e+06 -4.44990202e-04  1.47927394e-05 
 3.98107171e+06 -4.46182980e-04  2.22744306e-05 
 4.07380278e+06 -4.47210985e-04  2.98254469e-05 
 4.16869383e+06 -4.48073387e-04  3.74439043e-05 
 4.26579519e+06 -4.48769300e-04  4.51280126e-05 
 4.36515832e+06 -4.49297780e-04  5.28760674e-05 
 4.46683592e+06 -4.49657809e-04  6.06864399e-05 
 4.57088190e+06 -4.49848286e-04  6.85575667e-05 
 4.67735141e+06 -4.49868020e-04  7.64879383e-05 
 4.78630092e+06 -4.49715720e-04  8.44760883e-05 
 4.89778819e+06 -4.49389990e-04  9.25205800e-05 
 5.01187234e+06 -4.48889321e-04  1.00619995e-04 
 5.12861384e+06 -4.48212086e-04  1.08772918e-04 
 5.24807460e+06 -4.47356536e-04  1.16977925e-04 
 5.37031796e+06 -4.46320795e-04  1.25233568e-04 
 5.49540874e+06 -4.45102860e-04  1.33538361e-04 
 5.62341325e+06 -4.43700597e-04  1.41890765e-04 
 5.75439937e+06 -4.42111740e-04  1.50289174e-04 
 5.88843655e+06 -4.40333893e-04  1.58731895e-04 
 6.02559586e+06 -4.38364530e-04  1.67217140e-04 
 6.16595002e+06 -4.36200997e-04  1.75743004e-04 
 6.30957344e+06 -4.33840518e-04  1.84307451e-04 
 6.45654229e+06 -4.31280194e-04  1.92908298e-04 
 6.60693448e+06 -4.28517017e-04  2.01543201e-04 
 6.76082975e+06 -4.25547867e-04  2.10209636e-04 
 6.91830971e+06 -4.22369528e-04  2.18904882e-04 
 7.07945784e+06 -4.18978695e-04  2.27626012e-04 
 7.24435960e+06 -4.15371982e-04  2.36369869e-04 
 7.41310241e+06 -4.11545937e-04  2.45133056e-04 
 7.58577575e+06 -4.07497051e-04  2.53911921e-04 
 7.76247117e+06 -4.03221781e-04  2.62702540e-04 
 7.94328235e+06 -3.98716555e-04  2.71500704e-04 
 8.12830516e+06 -3.93977796e-04  2.80301908e-04 
 8.31763771e+06 -3.89001942e-04  2.89101337e-04 
 8.51138038e+06 -3.83785460e-04  2.97893853e-04 
 8.70963590e+06 -3.78324872e-04  3.06673989e-04 
 8.91250938e+06 -3.72616776e-04  3.15435935e-04 
 9.12010839e+06 -3.66657873e-04  3.24173534e-04 
 9.33254301e+06 -3.60444988e-04  3.32880272e-04 
 9.54992586e+06 -3.53975098e-04  3.41549276e-04 
 9.77237221e+06 -3.47245364e-04  3.50173311e-04 
 1.00000000e+07 -3.40253154e-04  3.58744776e-04 
 1.02329299e+07 -3.32996076e-04  3.67255709e-04 
 1.04712855e+07 -3.25472009e-04  3.75697788e-04 
 1.07151931e+07 -3.17679132e-04  3.84062335e-04 
 1.09647820e+07 -3.09615961e-04  3.92340328e-04 
 1.12201845e+07 -3.01281373e-04  4.00522409e-04 
 1.14815362e+07 -2.92674646e-04  4.08598899e-04 
 1.17489755e+07 -2.83795488e-04  4.16559813e-04 
 1.20226443e+07 -2.74644068e-04  4.24394880e-04 
 1.23026877e+07 -2.65221051e-04  4.32093567e-04 
 1.25892541e+07 -2.55527622e-04  4.39645104e-04 
 1.28824955e+07 -2.45565523e-04  4.47038509e-04 
 1.31825674e+07 -2.35337071e-04  4.54262626e-04 
 1.34896288e+07 -2.24845194e-04  4.61306154e-04 
 1.38038426e+07 -2.14093446e-04  4.68157690e-04 
 1.41253754e+07 -2.03086034e-04  4.74805763e-04 
 1.44543977e+07 -1.91827830e-04  4.81238885e-04 
 1.47910839e+07 -1.80324392e-04  4.87445590e-04 
 1.51356125e+07 -1.68581971e-04  4.93414484e-04 
 1.54881662e+07 -1.56607520e-04  4.99134299e-04 
 1.58489319e+07 -1.44408698e-04  5.04593935e-04 
 1.62181010e+07 -1.31993868e-04  5.09782522e-04 
 1.65958691e+07 -1.19372093e-04  5.14689469e-04 
 1.69824365e+07 -1.06553124e-04  5.19304518e-04 
 1.73780083e+07 -9.35473867e-05  5.23617798e-04 
 1.77827941e+07 -8.03659619e-05  5.27619878e-04 
 1.81970086e+07 -6.70205596e-05  5.31301820e-04 
 1.86208714e+07 -5.35234907e-05  5.34655230e-04 
 1.90546072e+07 -3.98876319e-05  5.37672304e-04 
 1.94984460e+07 -2.61263876e-05  5.40345877e-04 
 1.99526231e+07 -1.22536465e-05  5.42669465e-04 
 2.04173794e+07  1.71626576e-06  5.44637303e-04 
 2.08929613e+07  1.57686376e-05  5.46244382e-04 
 2.13796209e+07  2.98884257e-05  5.47486481e-04 
 2.18776162e+07  4.40603124e-05  5.48360191e-04 
 2.23872114e+07  5.82687651e-05  5.48862936e-04 
 2.29086765e+07  7.24980987e-05  5.48992994e-04 
 2.34422882e+07  8.67325374e-05  5.48749501e-04 
 2.39883292e+07  1.00956280e-04  5.48132460e-04 
 2.45470892e+07  1.15153561e-04  5.47142741e-04 
 2.51188643e+07  1.29308720e-04  5.45782071e-04 
 2.57039578e+07  1.43406257e-04  5.44053024e-04 
 2.63026799e+07  1.57430899e-04  5.41959004e-04 
 2.69153480e+07  1.71367657e-04  5.39504224e-04 
 2.75422870e+07  1.85201884e-04  5.36693672e-04 
 2.81838293e+07  1.98919326e-04  5.33533089e-04 
 2.88403150e+07  2.12506175e-04  5.30028920e-04 
 2.95120923e+07  2.25949113e-04  5.26188286e-04 
 3.01995172e+07  2.39235356e-04  5.22018932e-04 
 3.09029543e+07  2.52352688e-04  5.17529183e-04 
 3.16227766e+07  2.65289500e-04  5.12727893e-04 
 3.23593657e+07  2.78034813e-04  5.07624399e-04 
 3.31131121e+07  2.90578303e-04  5.02228463e-04 
 3.38844156e+07  3.02910320e-04  4.96550219e-04 
 3.46736850e+07  3.15021901e-04  4.90600125e-04 
 3.54813389e+07  3.26904779e-04  4.84388901e-04 
 3.63078055e+07  3.38551387e-04  4.77927482e-04 
 3.71535229e+07  3.49954859e-04  4.71226961e-04 
 3.80189396e+07  3.61109022e-04  4.64298543e-04 
 3.89045145e+07  3.72008391e-04  4.57153492e-04 
 3.98107171e+07  3.82648155e-04  4.49803083e-04 
 4.07380278e+07  3.93024160e-04  4.42258561e-04 
 4.16869383e+07  4.03132893e-04  4.34531095e-04 
 4.26579519e+07  4.12971458e-04  4.26631739e-04 
 4.36515832e+07  4.22537553e-04  4.18571396e-04 
 4.46683592e+07  4.31829442e-04  4.10360781e-04 
 4.57088190e+07  4.40845928e-04  4.02010395e-04 
 4.67735141e+07  4.49586324e-04  3.93530493e-04 
 4.78630092e+07  4.58050421e-04  3.84931061e-04 
 4.89778819e+07  4.66238456e-04  3.76221793e-04 
 5.01187234e+07  4.74151082e-04  3.67412075e-04 
 5.12861384e+07  4.81789332e-04  3.58510967e-04 
 5.24807460e+07  4.89154590e-04  3.49527191e-04 
 5.37031796e+07  4.96248556e-04  3.40469121e-04 
 5.49540874e+07  5.03073214e-04  3.31344775e-04 
 5.62341325e+07  5.09630801e-04  3.22161812e-04 
 5.75439937e+07  5.15923777e-04  3.12927527e-04 
 5.88843655e+07  5.21954793e-04  3.03648854e-04 
 6.02559586e+07  5.27726665e-04  2.94332364e-04 
 6.16595002e+07  5.33242341e-04  2.84984271e-04 
 6.30957344e+07  5.38504880e-04  2.75610439e-04 
 6.45654229e+07  5.43517422e-04  2.66216385e-04 
 6.60693448e+07  5.48283166e-04  2.56807291e-04 
 6.76082975e+07  5.52805346e-04  2.47388013e-04 
 6.91830971e+07  5.57087211e-04  2.37963093e-04 
 7.07945784e+07  5.61132002e-04  2.28536768e-04 
 7.24435960e+07  5.64942937e-04  2.19112987e-04 
 7.41310241e+07  5.68523190e-04  2.09695421e-04 
 7.58577575e+07  5.71875878e-04  2.00287483e-04 
 7.76247117e+07  5.75004044e-04  1.90892338e-04 
 7.94328235e+07  5.77910643e-04  1.81512921e-04 
 8.12830516e+07  5.80598535e-04  1.72151953e-04 
 8.31763771e+07  5.83070470e-04  1.62811958e-04 
 8.51138038e+07  5.85329077e-04  1.53495277e-04 
 8.70963590e+07  5.87376862e-04  1.44204090e-04 
 8.91250938e+07  5.89216195e-04  1.34940429e-04 
 9.12010839e+07  5.90849310e-04  1.25706197e-04 
 9.33254301e+07  5.92278294e-04  1.16503182e-04 
 9.54992586e+07  5.93505090e-04  1.07333080e-04 
 9.77237221e+07  5.94531489e-04  9.81975074e-05 
 1.00000000e+08  5.95359134e-04  8.90980204e-05 
 1.02329299e+08  5.95989517e-04  8.00361303e-05 
 1.04712855e+08  5.96423980e-04  7.10133212e-05 
 1.07151931e+08  5.96663719e-04  6.20310662e-05 
 1.09647820e+08  5.96709783e-04  5.30908436e-05 
 1.12201845e+08  5.96563085e-04  4.41941528e-05 
 1.14815362e+08  5.96224401e-04  3.53425299e-05 
 1.17489755e+08  5.95694377e-04  2.65375629e-05 
 1.20226443e+08  5.94973539e-04  1.77809062e-05 
 1.23026877e+08  5.94062300e-04  9.07429519e-06 
 1.25892541e+08  5.92960969e-04  4.19559806e-07 
 1.28824955e+08  5.91669759e-04 -8.18136231e-06 
 1.31825674e+08  5.90188802e-04 -1.67264133e-05 
 1.34896288e+08  5.88518158e-04 -2.52134031e-05 
 1.38038426e+08  5.86657830e-04 -3.36399988e-05 
 1.41253754e+08  5.84607776e-04 -4.20037140e-05 
 1.44543977e+08  5.82367927e-04 -5.03018999e-05 
 1.47910839e+08  5.79938199e-04 -5.85317367e-05 
 1.51356125e+08  5.77318512e-04 -6.66902264e-05 
 1.54881662e+08  5.74508806e-04 -7.47741869e-05 
 1.58489319e+08  5.71509059e-04 -8.27802471e-05 
 1.62181010e+08  5.68319308e-04 -9.07048432e-05 
 1.65958691e+08  5.64939667e-04 -9.85442167e-05 
 1.69824365e+08  5.61370344e-04 -1.06294414e-04 
 1.73780083e+08  5.57611666e-04 -1.13951286e-04 
 1.77827941e+08  5.53664097e-04 -1.21510494e-04 
 1.81970086e+08  5.49528259e-04 -1.28967509e-04 
 1.86208714e+08  5.45204954e-04 -1.36317623e-04 
 1.90546072e+08  5.40695182e-04 -1.43555954e-04 
 1.94984460e+08  5.36000167e-04 -1.50677454e-04 
 1.99526231e+08  5.31121370e-04 -1.57676926e-04 
 2.04173794e+08  5.26060514e-04 -1.64549034e-04 
 2.08929613e+08  5.20819601e-04 -1.71288320e-04 
 2.13796209e+08  5.15400931e-04 -1.77889219e-04 
 2.18776162e+08  5.09807116e-04 -1.84346083e-04 
 2.23872114e+08  5.04041099e-04 -1.90653199e-04 
 2.29086765e+08  4.98106165e-04 -1.96804813e-04 
 2.34422882e+08  4.92005957e-04 -2.02795155e-04 
 2.39883292e+08  4.85744480e-04 -2.08618465e-04 
 2.45470892e+08  4.79326116e-04 -2.14269021e-04 
 2.51188643e+08  4.72755624e-04 -2.19741169e-04 
 2.57039578e+08  4.66038150e-04 -2.25029349e-04 
 2.63026799e+08  4.59179218e-04 -2.30128131e-04 
 2.69153480e+08  4.52184740e-04 -2.35032244e-04 
 2.75422870e+08  4.45061001e-04 -2.39736606e-04 
 2.81838293e+08  4.37814658e-04 -2.44236359e-04 
 2.88403150e+08  4.30452724e-04 -2.48526896e-04 
 2.95120923e+08  4.22982561e-04 -2.52603896e-04 
 3.01995172e+08  4.15411856e-04 -2.56463354e-04 
 3.09029543e+08  4.07748609e-04 -2.60101606e-04 
 3.16227766e+08  4.00001105e-04 -2.63515358e-04 
 3.23593657e+08  3.92177892e-04 -2.66701713e-04 
 3.31131121e+08  3.84287755e-04 -2.69658194e-04 
 3.38844156e+08  3.76339682e-04 -2.72382764e-04 
 3.46736850e+08  3.68342839e-04 -2.74873846e-04 
 3.54813389e+08  3.60306530e-04 -2.77130336e-04 
 3.63078055e+08  3.52240165e-04 -2.79151619e-04 
 3.71535229e+08  3.44153227e-04 -2.80937580e-04 
 3.80189396e+08  3.36055229e-04 -2.82488604e-04 
 3.89045145e+08  3.27955681e-04 -2.83805587e-04 
 3.98107171e+08  3.19864052e-04 -2.84889931e-04 
 4.07380278e+08  3.11789730e-04 -2.85743539e-04 
 4.16869383e+08  3.03741988e-04 -2.86368815e-04 
 4.26579519e+08  2.95729945e-04 -2.86768647e-04 
 4.36515832e+08  2.87762533e-04 -2.86946397e-04 
 4.46683592e+08  2.79848465e-04 -2.86905886e-04 
 4.57088190e+08  2.71996200e-04 -2.86651371e-04 
 4.67735141e+08  2.64213913e-04 -2.86187527e-04 
 4.78630092e+08  2.56509472e-04 -2.85519422e-04 
 4.89778819e+08  2.48890410e-04 -2.84652491e-04 
 5.01187234e+08  2.41363901e-04 -2.83592511e-04 
 5.12861384e+08  2.33936742e-04 -2.82345566e-04 
 5.24807460e+08  2.26615338e-04 -2.80918024e-04 
 5.37031796e+08  2.19405685e-04 -2.79316498e-04 
 5.49540874e+08  2.12313360e-04 -2.77547824e-04 
 5.62341325e+08  2.05343512e-04 -2.75619018e-04 
 5.75439937e+08  1.98500858e-04 -2.73537255e-04 
 5.88843655e+08  1.91789679e-04 -2.71309827e-04 
 6.02559586e+08  1.85213820e-04 -2.68944120e-04 
 6.16595002e+08  1.78776694e-04 -2.66447579e-04 
 6.30957344e+08  1.72481284e-04 -2.63827681e-04 
 6.45654229e+08  1.66330153e-04 -2.61091906e-04 
 6.60693448e+08  1.60325450e-04 -2.58247708e-04 
 6.76082975e+08  1.54468924e-04 -2.55302492e-04 
 6.91830971e+08  1.48761934e-04 -2.52263591e-04 
 7.07945784e+08  1.43205465e-04 -2.49138241e-04 
 7.24435960e+08  1.37800141e-04 -2.45933562e-04 
 7.41310241e+08  1.32546244e-04 -2.42656539e-04 
 7.58577575e+08  1.27443729e-04 -2.39314006e-04 
 7.76247117e+08  1.22492242e-04 -2.35912631e-04 
 7.94328235e+08  1.17691139e-04 -2.32458901e-04 
 8.12830516e+08  1.13039506e-04 -2.28959112e-04 
 8.31763771e+08  1.08536173e-04 -2.25419361e-04 
 8.51138038e+08  1.04179738e-04 -2.21845534e-04 
 8.70963590e+08  9.99685834e-05 -2.18243304e-04 
 8.91250938e+08  9.59008929e-05 -2.14618121e-04 
 9.12010839e+08  9.19746721e-05 -2.10975214e-04 
 9.33254301e+08  8.81877642e-05 -2.07319585e-04 
 9.54992586e+08  8.45378675e-05 -2.03656012e-04 
 9.77237221e+08  8.10225519e-05 -1.99989044e-04 
 1.00000000e+09  7.76392738e-05 -1.96323006e-04 
