 1.00000000e+00  3.04645344e-08 -3.12575015e-10 
 1.02329299e+00  3.04645344e-08 -3.19855823e-10 
 1.04712855e+00  3.04645344e-08 -3.27306222e-10 
 1.07151931e+00  3.04645344e-08 -3.34930163e-10 
 1.09647820e+00  3.04645344e-08 -3.42731689e-10 
 1.12201845e+00  3.04645344e-08 -3.50714935e-10 
 1.14815362e+00  3.04645344e-08 -3.58884136e-10 
 1.17489755e+00  3.04645343e-08 -3.67243621e-10 
 1.20226443e+00  3.04645343e-08 -3.75797824e-10 
 1.23026877e+00  3.04645343e-08 -3.84551280e-10 
 1.25892541e+00  3.04645343e-08 -3.93508630e-10 
 1.28824955e+00  3.04645343e-08 -4.02674623e-10 
 1.31825674e+00  3.04645343e-08 -4.12054120e-10 
 1.34896288e+00  3.04645342e-08 -4.21652093e-10 
 1.38038426e+00  3.04645342e-08 -4.31473632e-10 
 1.41253754e+00  3.04645342e-08 -4.41523944e-10 
 1.44543977e+00  3.04645342e-08 -4.51808358e-10 
 1.47910839e+00  3.04645341e-08 -4.62332327e-10 
 1.51356125e+00  3.04645341e-08 -4.73101430e-10 
 1.54881662e+00  3.04645341e-08 -4.84121378e-10 
 1.58489319e+00  3.04645341e-08 -4.95398014e-10 
 1.62181010e+00  3.04645340e-08 -5.06937316e-10 
 1.65958691e+00  3.04645340e-08 -5.18745403e-10 
 1.69824365e+00  3.04645340e-08 -5.30828535e-10 
 1.73780083e+00  3.04645339e-08 -5.43193120e-10 
 1.77827941e+00  3.04645339e-08 -5.55845714e-10 
 1.81970086e+00  3.04645339e-08 -5.68793023e-10 
 1.86208714e+00  3.04645338e-08 -5.82041915e-10 
 1.90546072e+00  3.04645338e-08 -5.95599413e-10 
 1.94984460e+00  3.04645338e-08 -6.09472705e-10 
 1.99526231e+00  3.04645337e-08 -6.23669148e-10 
 2.04173794e+00  3.04645337e-08 -6.38196269e-10 
 2.08929613e+00  3.04645336e-08 -6.53061770e-10 
 2.13796209e+00  3.04645336e-08 -6.68273533e-10 
 2.18776162e+00  3.04645335e-08 -6.83839623e-10 
 2.23872114e+00  3.04645335e-08 -6.99768294e-10 
 2.29086765e+00  3.04645334e-08 -7.16067991e-10 
 2.34422882e+00  3.04645333e-08 -7.32747357e-10 
 2.39883292e+00  3.04645333e-08 -7.49815236e-10 
 2.45470892e+00  3.04645332e-08 -7.67280677e-10 
 2.51188643e+00  3.04645331e-08 -7.85152939e-10 
 2.57039578e+00  3.04645331e-08 -8.03441501e-10 
 2.63026799e+00  3.04645330e-08 -8.22156057e-10 
 2.69153480e+00  3.04645329e-08 -8.41306532e-10 
 2.75422870e+00  3.04645328e-08 -8.60903079e-10 
 2.81838293e+00  3.04645327e-08 -8.80956087e-10 
 2.88403150e+00  3.04645327e-08 -9.01476191e-10 
 2.95120923e+00  3.04645326e-08 -9.22474269e-10 
 3.01995172e+00  3.04645325e-08 -9.43961455e-10 
 3.09029543e+00  3.04645324e-08 -9.65949142e-10 
 3.16227766e+00  3.04645322e-08 -9.88448988e-10 
 3.23593657e+00  3.04645321e-08 -1.01147292e-09 
 3.31131121e+00  3.04645320e-08 -1.03503315e-09 
 3.38844156e+00  3.04645319e-08 -1.05914217e-09 
 3.46736850e+00  3.04645318e-08 -1.08381276e-09 
 3.54813389e+00  3.04645316e-08 -1.10905801e-09 
 3.63078055e+00  3.04645315e-08 -1.13489128e-09 
 3.71535229e+00  3.04645313e-08 -1.16132630e-09 
 3.80189396e+00  3.04645312e-08 -1.18837706e-09 
 3.89045145e+00  3.04645310e-08 -1.21605792e-09 
 3.98107171e+00  3.04645308e-08 -1.24438355e-09 
 4.07380278e+00  3.04645306e-08 -1.27336897e-09 
 4.16869383e+00  3.04645304e-08 -1.30302954e-09 
 4.26579519e+00  3.04645303e-08 -1.33338100e-09 
 4.36515832e+00  3.04645300e-08 -1.36443943e-09 
 4.46683592e+00  3.04645298e-08 -1.39622131e-09 
 4.57088190e+00  3.04645296e-08 -1.42874348e-09 
 4.67735141e+00  3.04645294e-08 -1.46202319e-09 
 4.78630092e+00  3.04645291e-08 -1.49607808e-09 
 4.89778819e+00  3.04645288e-08 -1.53092622e-09 
 5.01187234e+00  3.04645286e-08 -1.56658607e-09 
 5.12861384e+00  3.04645283e-08 -1.60307655e-09 
 5.24807460e+00  3.04645280e-08 -1.64041700e-09 
 5.37031796e+00  3.04645277e-08 -1.67862722e-09 
 5.49540874e+00  3.04645273e-08 -1.71772747e-09 
 5.62341325e+00  3.04645270e-08 -1.75773848e-09 
 5.75439937e+00  3.04645266e-08 -1.79868147e-09 
 5.88843655e+00  3.04645262e-08 -1.84057814e-09 
 6.02559586e+00  3.04645258e-08 -1.88345072e-09 
 6.16595002e+00  3.04645254e-08 -1.92732192e-09 
 6.30957344e+00  3.04645250e-08 -1.97221502e-09 
 6.45654229e+00  3.04645245e-08 -2.01815380e-09 
 6.60693448e+00  3.04645241e-08 -2.06516265e-09 
 6.76082975e+00  3.04645236e-08 -2.11326646e-09 
 6.91830971e+00  3.04645230e-08 -2.16249076e-09 
 7.07945784e+00  3.04645225e-08 -2.21286164e-09 
 7.24435960e+00  3.04645219e-08 -2.26440581e-09 
 7.41310241e+00  3.04645213e-08 -2.31715060e-09 
 7.58577575e+00  3.04645207e-08 -2.37112397e-09 
 7.76247117e+00  3.04645200e-08 -2.42635454e-09 
 7.94328235e+00  3.04645193e-08 -2.48287160e-09 
 8.12830516e+00  3.04645186e-08 -2.54070511e-09 
 8.31763771e+00  3.04645178e-08 -2.59988573e-09 
 8.51138038e+00  3.04645170e-08 -2.66044485e-09 
 8.70963590e+00  3.04645162e-08 -2.72241457e-09 
 8.91250938e+00  3.04645153e-08 -2.78582775e-09 
 9.12010839e+00  3.04645144e-08 -2.85071802e-09 
 9.33254301e+00  3.04645135e-08 -2.91711977e-09 
 9.54992586e+00  3.04645125e-08 -2.98506822e-09 
 9.77237221e+00  3.04645114e-08 -3.05459939e-09 
 1.00000000e+01  3.04645103e-08 -3.12575015e-09 
 1.02329299e+01  3.04645092e-08 -3.19855823e-09 
 1.04712855e+01  3.04645080e-08 -3.27306222e-09 
 1.07151931e+01  3.04645067e-08 -3.34930163e-09 
 1.09647820e+01  3.04645054e-08 -3.42731689e-09 
 1.12201845e+01  3.04645040e-08 -3.50714935e-09 
 1.14815362e+01  3.04645026e-08 -3.58884136e-09 
 1.17489755e+01  3.04645011e-08 -3.67243621e-09 
 1.20226443e+01  3.04644995e-08 -3.75797824e-09 
 1.23026877e+01  3.04644978e-08 -3.84551280e-09 
 1.25892541e+01  3.04644961e-08 -3.93508630e-09 
 1.28824955e+01  3.04644943e-08 -4.02674623e-09 
 1.31825674e+01  3.04644924e-08 -4.12054120e-09 
 1.34896288e+01  3.04644904e-08 -4.21652093e-09 
 1.38038426e+01  3.04644883e-08 -4.31473632e-09 
 1.41253754e+01  3.04644861e-08 -4.41523944e-09 
 1.44543977e+01  3.04644838e-08 -4.51808358e-09 
 1.47910839e+01  3.04644814e-08 -4.62332327e-09 
 1.51356125e+01  3.04644789e-08 -4.73101430e-09 
 1.54881662e+01  3.04644763e-08 -4.84121378e-09 
 1.58489319e+01  3.04644735e-08 -4.95398014e-09 
 1.62181010e+01  3.04644707e-08 -5.06937316e-09 
 1.65958691e+01  3.04644676e-08 -5.18745403e-09 
 1.69824365e+01  3.04644645e-08 -5.30828535e-09 
 1.73780083e+01  3.04644612e-08 -5.43193120e-09 
 1.77827941e+01  3.04644577e-08 -5.55845713e-09 
 1.81970086e+01  3.04644541e-08 -5.68793023e-09 
 1.86208714e+01  3.04644503e-08 -5.82041915e-09 
 1.90546072e+01  3.04644463e-08 -5.95599413e-09 
 1.94984460e+01  3.04644421e-08 -6.09472705e-09 
 1.99526231e+01  3.04644378e-08 -6.23669148e-09 
 2.04173794e+01  3.04644332e-08 -6.38196269e-09 
 2.08929613e+01  3.04644284e-08 -6.53061770e-09 
 2.13796209e+01  3.04644234e-08 -6.68273532e-09 
 2.18776162e+01  3.04644182e-08 -6.83839623e-09 
 2.23872114e+01  3.04644127e-08 -6.99768294e-09 
 2.29086765e+01  3.04644069e-08 -7.16067991e-09 
 2.34422882e+01  3.04644009e-08 -7.32747357e-09 
 2.39883292e+01  3.04643946e-08 -7.49815236e-09 
 2.45470892e+01  3.04643880e-08 -7.67280676e-09 
 2.51188643e+01  3.04643811e-08 -7.85152939e-09 
 2.57039578e+01  3.04643739e-08 -8.03441500e-09 
 2.63026799e+01  3.04643663e-08 -8.22156057e-09 
 2.69153480e+01  3.04643583e-08 -8.41306532e-09 
 2.75422870e+01  3.04643500e-08 -8.60903078e-09 
 2.81838293e+01  3.04643413e-08 -8.80956087e-09 
 2.88403150e+01  3.04643322e-08 -9.01476190e-09 
 2.95120923e+01  3.04643227e-08 -9.22474268e-09 
 3.01995172e+01  3.04643127e-08 -9.43961454e-09 
 3.09029543e+01  3.04643022e-08 -9.65949141e-09 
 3.16227766e+01  3.04642913e-08 -9.88448987e-09 
 3.23593657e+01  3.04642798e-08 -1.01147292e-08 
 3.31131121e+01  3.04642678e-08 -1.03503315e-08 
 3.38844156e+01  3.04642552e-08 -1.05914217e-08 
 3.46736850e+01  3.04642420e-08 -1.08381276e-08 
 3.54813389e+01  3.04642282e-08 -1.10905800e-08 
 3.63078055e+01  3.04642138e-08 -1.13489128e-08 
 3.71535229e+01  3.04641987e-08 -1.16132630e-08 
 3.80189396e+01  3.04641828e-08 -1.18837706e-08 
 3.89045145e+01  3.04641663e-08 -1.21605792e-08 
 3.98107171e+01  3.04641489e-08 -1.24438355e-08 
 4.07380278e+01  3.04641307e-08 -1.27336896e-08 
 4.16869383e+01  3.04641117e-08 -1.30302954e-08 
 4.26579519e+01  3.04640917e-08 -1.33338099e-08 
 4.36515832e+01  3.04640709e-08 -1.36443943e-08 
 4.46683592e+01  3.04640490e-08 -1.39622130e-08 
 4.57088190e+01  3.04640261e-08 -1.42874348e-08 
 4.67735141e+01  3.04640022e-08 -1.46202319e-08 
 4.78630092e+01  3.04639771e-08 -1.49607808e-08 
 4.89778819e+01  3.04639508e-08 -1.53092622e-08 
 5.01187234e+01  3.04639233e-08 -1.56658607e-08 
 5.12861384e+01  3.04638945e-08 -1.60307655e-08 
 5.24807460e+01  3.04638643e-08 -1.64041700e-08 
 5.37031796e+01  3.04638327e-08 -1.67862722e-08 
 5.49540874e+01  3.04637996e-08 -1.71772747e-08 
 5.62341325e+01  3.04637650e-08 -1.75773848e-08 
 5.75439937e+01  3.04637287e-08 -1.79868147e-08 
 5.88843655e+01  3.04636907e-08 -1.84057814e-08 
 6.02559586e+01  3.04636509e-08 -1.88345071e-08 
 6.16595002e+01  3.04636093e-08 -1.92732192e-08 
 6.30957344e+01  3.04635657e-08 -1.97221501e-08 
 6.45654229e+01  3.04635200e-08 -2.01815380e-08 
 6.60693448e+01  3.04634722e-08 -2.06516264e-08 
 6.76082975e+01  3.04634221e-08 -2.11326646e-08 
 6.91830971e+01  3.04633697e-08 -2.16249076e-08 
 7.07945784e+01  3.04633147e-08 -2.21286164e-08 
 7.24435960e+01  3.04632573e-08 -2.26440581e-08 
 7.41310241e+01  3.04631971e-08 -2.31715059e-08 
 7.58577575e+01  3.04631340e-08 -2.37112396e-08 
 7.76247117e+01  3.04630680e-08 -2.42635453e-08 
 7.94328235e+01  3.04629989e-08 -2.48287159e-08 
 8.12830516e+01  3.04629265e-08 -2.54070510e-08 
 8.31763771e+01  3.04628507e-08 -2.59988572e-08 
 8.51138038e+01  3.04627713e-08 -2.66044484e-08 
 8.70963590e+01  3.04626882e-08 -2.72241456e-08 
 8.91250938e+01  3.04626012e-08 -2.78582774e-08 
 9.12010839e+01  3.04625101e-08 -2.85071801e-08 
 9.33254301e+01  3.04624147e-08 -2.91711976e-08 
 9.54992586e+01  3.04623148e-08 -2.98506821e-08 
 9.77237221e+01  3.04622101e-08 -3.05459938e-08 
 1.00000000e+02  3.04621006e-08 -3.12575014e-08 
 1.02329299e+02  3.04619859e-08 -3.19855821e-08 
 1.04712855e+02  3.04618658e-08 -3.27306220e-08 
 1.07151931e+02  3.04617400e-08 -3.34930161e-08 
 1.09647820e+02  3.04616083e-08 -3.42731687e-08 
 1.12201845e+02  3.04614704e-08 -3.50714933e-08 
 1.14815362e+02  3.04613259e-08 -3.58884133e-08 
 1.17489755e+02  3.04611747e-08 -3.67243618e-08 
 1.20226443e+02  3.04610164e-08 -3.75797821e-08 
 1.23026877e+02  3.04608505e-08 -3.84551277e-08 
 1.25892541e+02  3.04606769e-08 -3.93508626e-08 
 1.28824955e+02  3.04604951e-08 -4.02674620e-08 
 1.31825674e+02  3.04603047e-08 -4.12054116e-08 
 1.34896288e+02  3.04601054e-08 -4.21652089e-08 
 1.38038426e+02  3.04598966e-08 -4.31473628e-08 
 1.41253754e+02  3.04596780e-08 -4.41523940e-08 
 1.44543977e+02  3.04594492e-08 -4.51808353e-08 
 1.47910839e+02  3.04592095e-08 -4.62332322e-08 
 1.51356125e+02  3.04589585e-08 -4.73101424e-08 
 1.54881662e+02  3.04586957e-08 -4.84121372e-08 
 1.58489319e+02  3.04584205e-08 -4.95398007e-08 
 1.62181010e+02  3.04581324e-08 -5.06937309e-08 
 1.65958691e+02  3.04578307e-08 -5.18745395e-08 
 1.69824365e+02  3.04575147e-08 -5.30828527e-08 
 1.73780083e+02  3.04571839e-08 -5.43193112e-08 
 1.77827941e+02  3.04568374e-08 -5.55845704e-08 
 1.81970086e+02  3.04564747e-08 -5.68793014e-08 
 1.86208714e+02  3.04560948e-08 -5.82041904e-08 
 1.90546072e+02  3.04556971e-08 -5.95599401e-08 
 1.94984460e+02  3.04552806e-08 -6.09472693e-08 
 1.99526231e+02  3.04548444e-08 -6.23669135e-08 
 2.04173794e+02  3.04543877e-08 -6.38196255e-08 
 2.08929613e+02  3.04539095e-08 -6.53061755e-08 
 2.13796209e+02  3.04534088e-08 -6.68273516e-08 
 2.18776162e+02  3.04528844e-08 -6.83839605e-08 
 2.23872114e+02  3.04523354e-08 -6.99768275e-08 
 2.29086765e+02  3.04517604e-08 -7.16067971e-08 
 2.34422882e+02  3.04511584e-08 -7.32747336e-08 
 2.39883292e+02  3.04505280e-08 -7.49815213e-08 
 2.45470892e+02  3.04498679e-08 -7.67280652e-08 
 2.51188643e+02  3.04491767e-08 -7.85152913e-08 
 2.57039578e+02  3.04484529e-08 -8.03441473e-08 
 2.63026799e+02  3.04476949e-08 -8.22156027e-08 
 2.69153480e+02  3.04469013e-08 -8.41306500e-08 
 2.75422870e+02  3.04460703e-08 -8.60903044e-08 
 2.81838293e+02  3.04452001e-08 -8.80956051e-08 
 2.88403150e+02  3.04442889e-08 -9.01476151e-08 
 2.95120923e+02  3.04433347e-08 -9.22474226e-08 
 3.01995172e+02  3.04423356e-08 -9.43961409e-08 
 3.09029543e+02  3.04412894e-08 -9.65949093e-08 
 3.16227766e+02  3.04401938e-08 -9.88448935e-08 
 3.23593657e+02  3.04390467e-08 -1.01147287e-07 
 3.31131121e+02  3.04378455e-08 -1.03503309e-07 
 3.38844156e+02  3.04365877e-08 -1.05914211e-07 
 3.46736850e+02  3.04352706e-08 -1.08381269e-07 
 3.54813389e+02  3.04338914e-08 -1.10905793e-07 
 3.63078055e+02  3.04324472e-08 -1.13489121e-07 
 3.71535229e+02  3.04309350e-08 -1.16132621e-07 
 3.80189396e+02  3.04293515e-08 -1.18837697e-07 
 3.89045145e+02  3.04276933e-08 -1.21605782e-07 
 3.98107171e+02  3.04259571e-08 -1.24438344e-07 
 4.07380278e+02  3.04241390e-08 -1.27336885e-07 
 4.16869383e+02  3.04222352e-08 -1.30302942e-07 
 4.26579519e+02  3.04202416e-08 -1.33338087e-07 
 4.36515832e+02  3.04181542e-08 -1.36443929e-07 
 4.46683592e+02  3.04159683e-08 -1.39622116e-07 
 4.57088190e+02  3.04136795e-08 -1.42874332e-07 
 4.67735141e+02  3.04112827e-08 -1.46202302e-07 
 4.78630092e+02  3.04087731e-08 -1.49607790e-07 
 4.89778819e+02  3.04061451e-08 -1.53092603e-07 
 5.01187234e+02  3.04033933e-08 -1.56658586e-07 
 5.12861384e+02  3.04005118e-08 -1.60307633e-07 
 5.24807460e+02  3.03974945e-08 -1.64041676e-07 
 5.37031796e+02  3.03943350e-08 -1.67862696e-07 
 5.49540874e+02  3.03910265e-08 -1.71772720e-07 
 5.62341325e+02  3.03875622e-08 -1.75773819e-07 
 5.75439937e+02  3.03839346e-08 -1.79868116e-07 
 5.88843655e+02  3.03801361e-08 -1.84057781e-07 
 6.02559586e+02  3.03761585e-08 -1.88345036e-07 
 6.16595002e+02  3.03719934e-08 -1.92732153e-07 
 6.30957344e+02  3.03676321e-08 -1.97221460e-07 
 6.45654229e+02  3.03630652e-08 -2.01815336e-07 
 6.60693448e+02  3.03582831e-08 -2.06516217e-07 
 6.76082975e+02  3.03532756e-08 -2.11326595e-07 
 6.91830971e+02  3.03480321e-08 -2.16249022e-07 
 7.07945784e+02  3.03425416e-08 -2.21286106e-07 
 7.24435960e+02  3.03367922e-08 -2.26440519e-07 
 7.41310241e+02  3.03307719e-08 -2.31714993e-07 
 7.58577575e+02  3.03244678e-08 -2.37112325e-07 
 7.76247117e+02  3.03178667e-08 -2.42635377e-07 
 7.94328235e+02  3.03109544e-08 -2.48287077e-07 
 8.12830516e+02  3.03037164e-08 -2.54070422e-07 
 8.31763771e+02  3.02961373e-08 -2.59988479e-07 
 8.51138038e+02  3.02882010e-08 -2.66044384e-07 
 8.70963590e+02  3.02798906e-08 -2.72241348e-07 
 8.91250938e+02  3.02711886e-08 -2.78582659e-07 
 9.12010839e+02  3.02620765e-08 -2.85071677e-07 
 9.33254301e+02  3.02525350e-08 -2.91711843e-07 
 9.54992586e+02  3.02425437e-08 -2.98506679e-07 
 9.77237221e+02  3.02320816e-08 -3.05459785e-07 
 1.00000000e+03  3.02211265e-08 -3.12574850e-07 
 1.02329299e+03  3.02096550e-08 -3.19855646e-07 
 1.04712855e+03  3.01976429e-08 -3.27306033e-07 
 1.07151931e+03  3.01850647e-08 -3.34929960e-07 
 1.09647820e+03  3.01718937e-08 -3.42731472e-07 
 1.12201845e+03  3.01581019e-08 -3.50714703e-07 
 1.14815362e+03  3.01436602e-08 -3.58883886e-07 
 1.17489755e+03  3.01285379e-08 -3.67243354e-07 
 1.20226443e+03  3.01127028e-08 -3.75797538e-07 
 1.23026877e+03  3.00961215e-08 -3.84550973e-07 
 1.25892541e+03  3.00787587e-08 -3.93508301e-07 
 1.28824955e+03  3.00605777e-08 -4.02674271e-07 
 1.31825674e+03  3.00415398e-08 -4.12053743e-07 
 1.34896288e+03  3.00216047e-08 -4.21651689e-07 
 1.38038426e+03  3.00007301e-08 -4.31473199e-07 
 1.41253754e+03  2.99788716e-08 -4.41523480e-07 
 1.44543977e+03  2.99559831e-08 -4.51807861e-07 
 1.47910839e+03  2.99320158e-08 -4.62331794e-07 
 1.51356125e+03  2.99069190e-08 -4.73100859e-07 
 1.54881662e+03  2.98806394e-08 -4.84120766e-07 
 1.58489319e+03  2.98531213e-08 -4.95397358e-07 
 1.62181010e+03  2.98243063e-08 -5.06936613e-07 
 1.65958691e+03  2.97941333e-08 -5.18744650e-07 
 1.69824365e+03  2.97625383e-08 -5.30827728e-07 
 1.73780083e+03  2.97294543e-08 -5.43192256e-07 
 1.77827941e+03  2.96948110e-08 -5.55844787e-07 
 1.81970086e+03  2.96585351e-08 -5.68792031e-07 
 1.86208714e+03  2.96205496e-08 -5.82040851e-07 
 1.90546072e+03  2.95807739e-08 -5.95598273e-07 
 1.94984460e+03  2.95391236e-08 -6.09471484e-07 
 1.99526231e+03  2.94955104e-08 -6.23667840e-07 
 2.04173794e+03  2.94498418e-08 -6.38194867e-07 
 2.08929613e+03  2.94020209e-08 -6.53060267e-07 
 2.13796209e+03  2.93519462e-08 -6.68271922e-07 
 2.18776162e+03  2.92995117e-08 -6.83837897e-07 
 2.23872114e+03  2.92446059e-08 -6.99766445e-07 
 2.29086765e+03  2.91871126e-08 -7.16066010e-07 
 2.34422882e+03  2.91269097e-08 -7.32745235e-07 
 2.39883292e+03  2.90638696e-08 -7.49812962e-07 
 2.45470892e+03  2.89978584e-08 -7.67278239e-07 
 2.51188643e+03  2.89287363e-08 -7.85150328e-07 
 2.57039578e+03  2.88563566e-08 -8.03438703e-07 
 2.63026799e+03  2.87805657e-08 -8.22153059e-07 
 2.69153480e+03  2.87012030e-08 -8.41303319e-07 
 2.75422870e+03  2.86181000e-08 -8.60899636e-07 
 2.81838293e+03  2.85310805e-08 -8.80952399e-07 
 2.88403150e+03  2.84399600e-08 -9.01472238e-07 
 2.95120923e+03  2.83445451e-08 -9.22470034e-07 
 3.01995172e+03  2.82446335e-08 -9.43956917e-07 
 3.09029543e+03  2.81400132e-08 -9.65944279e-07 
 3.16227766e+03  2.80304624e-08 -9.88443777e-07 
 3.23593657e+03  2.79157486e-08 -1.01146734e-06 
 3.31131121e+03  2.77956286e-08 -1.03502717e-06 
 3.38844156e+03  2.76698476e-08 -1.05913576e-06 
 3.46736850e+03  2.75381388e-08 -1.08380589e-06 
 3.54813389e+03  2.74002228e-08 -1.10905065e-06 
 3.63078055e+03  2.72558071e-08 -1.13488340e-06 
 3.71535229e+03  2.71045854e-08 -1.16131785e-06 
 3.80189396e+03  2.69462369e-08 -1.18836801e-06 
 3.89045145e+03  2.67804257e-08 -1.21604822e-06 
 3.98107171e+03  2.66068003e-08 -1.24437315e-06 
 4.07380278e+03  2.64249922e-08 -1.27335783e-06 
 4.16869383e+03  2.62346160e-08 -1.30301760e-06 
 4.26579519e+03  2.60352677e-08 -1.33336821e-06 
 4.36515832e+03  2.58265246e-08 -1.36442572e-06 
 4.46683592e+03  2.56079439e-08 -1.39620662e-06 
 4.57088190e+03  2.53790620e-08 -1.42872774e-06 
 4.67735141e+03  2.51393934e-08 -1.46200633e-06 
 4.78630092e+03  2.48884298e-08 -1.49606002e-06 
 4.89778819e+03  2.46256390e-08 -1.53090686e-06 
 5.01187234e+03  2.43504634e-08 -1.56656533e-06 
 5.12861384e+03  2.40623196e-08 -1.60305432e-06 
 5.24807460e+03  2.37605963e-08 -1.64039318e-06 
 5.37031796e+03  2.34446535e-08 -1.67860170e-06 
 5.49540874e+03  2.31138212e-08 -1.71770013e-06 
 5.62341325e+03  2.27673978e-08 -1.75770918e-06 
 5.75439937e+03  2.24046483e-08 -1.79865008e-06 
 5.88843655e+03  2.20248036e-08 -1.84054450e-06 
 6.02559586e+03  2.16270579e-08 -1.88341467e-06 
 6.16595002e+03  2.12105676e-08 -1.92728330e-06 
 6.30957344e+03  2.07744495e-08 -1.97217363e-06 
 6.45654229e+03  2.03177785e-08 -2.01810946e-06 
 6.60693448e+03  1.98395861e-08 -2.06511513e-06 
 6.76082975e+03  1.93388581e-08 -2.11321555e-06 
 6.91830971e+03  1.88145325e-08 -2.16243620e-06 
 7.07945784e+03  1.82654973e-08 -2.21280318e-06 
 7.24435960e+03  1.76905881e-08 -2.26434317e-06 
 7.41310241e+03  1.70885855e-08 -2.31708348e-06 
 7.58577575e+03  1.64582130e-08 -2.37105205e-06 
 7.76247117e+03  1.57981334e-08 -2.42627748e-06 
 7.94328235e+03  1.51069470e-08 -2.48278902e-06 
 8.12830516e+03  1.43831880e-08 -2.54061663e-06 
 8.31763771e+03  1.36253213e-08 -2.59979092e-06 
 8.51138038e+03  1.28317397e-08 -2.66034326e-06 
 8.70963590e+03  1.20007603e-08 -2.72230572e-06 
 8.91250938e+03  1.11306208e-08 -2.78571111e-06 
 9.12010839e+03  1.02194760e-08 -2.85059303e-06 
 9.33254301e+03  9.26539350e-09 -2.91698585e-06 
 9.54992586e+03  8.26635014e-09 -2.98492472e-06 
 9.77237221e+03  7.22022732e-09 -3.05444563e-06 
 1.00000000e+04  6.12480663e-09 -3.12558539e-06 
 1.02329299e+04  4.97776515e-09 -3.19838168e-06 
 1.04712855e+04  3.77667054e-09 -3.27287305e-06 
 1.07151931e+04  2.51897585e-09 -3.34909893e-06 
 1.09647820e+04  1.20201417e-09 -3.42709969e-06 
 1.12201845e+04 -1.77007067e-10 -3.50691662e-06 
 1.14815362e+04 -1.62101196e-09 -3.58859198e-06 
 1.17489755e+04 -3.13306237e-09 -3.67216900e-06 
 1.20226443e+04 -4.71636437e-09 -3.75769192e-06 
 1.23026877e+04 -6.37427506e-09 -3.84520600e-06 
 1.25892541e+04 -8.11030968e-09 -3.93475756e-06 
 1.28824955e+04 -9.92814904e-09 -4.02639399e-06 
 1.31825674e+04 -1.18316473e-08 -4.12016377e-06 
 1.34896288e+04 -1.38248402e-08 -4.21611651e-06 
 1.38038426e+04 -1.59119534e-08 -4.31430298e-06 
 1.41253754e+04 -1.80974119e-08 -4.41477510e-06 
 1.44543977e+04 -2.03858487e-08 -4.51758604e-06 
 1.47910839e+04 -2.27821153e-08 -4.62279014e-06 
 1.51356125e+04 -2.52912915e-08 -4.73044305e-06 
 1.54881662e+04 -2.79186963e-08 -4.84060167e-06 
 1.58489319e+04 -3.06698992e-08 -4.95332425e-06 
 1.62181010e+04 -3.35507321e-08 -5.06867037e-06 
 1.65958691e+04 -3.65673012e-08 -5.18670098e-06 
 1.69824365e+04 -3.97260005e-08 -5.30747846e-06 
 1.73780083e+04 -4.30335247e-08 -5.43106660e-06 
 1.77827941e+04 -4.64968840e-08 -5.55753070e-06 
 1.81970086e+04 -5.01234184e-08 -5.68693755e-06 
 1.86208714e+04 -5.39208134e-08 -5.81935548e-06 
 1.90546072e+04 -5.78971165e-08 -5.95485439e-06 
 1.94984460e+04 -6.20607537e-08 -6.09350581e-06 
 1.99526231e+04 -6.64205477e-08 -6.23538291e-06 
 2.04173794e+04 -7.09857364e-08 -6.38056054e-06 
 2.08929613e+04 -7.57659924e-08 -6.52911528e-06 
 2.13796209e+04 -8.07714436e-08 -6.68112547e-06 
 2.18776162e+04 -8.60126941e-08 -6.83667126e-06 
 2.23872114e+04 -9.15008472e-08 -6.99583462e-06 
 2.29086765e+04 -9.72475284e-08 -7.15869942e-06 
 2.34422882e+04 -1.03264910e-07 -7.32535147e-06 
 2.39883292e+04 -1.09565738e-07 -7.49587851e-06 
 2.45470892e+04 -1.16163355e-07 -7.67037032e-06 
 2.51188643e+04 -1.23071734e-07 -7.84891873e-06 
 2.57039578e+04 -1.30305505e-07 -8.03161766e-06 
 2.63026799e+04 -1.37879983e-07 -8.21856321e-06 
 2.69153480e+04 -1.45811205e-07 -8.40985363e-06 
 2.75422870e+04 -1.54115963e-07 -8.60558945e-06 
 2.81838293e+04 -1.62811836e-07 -8.80587348e-06 
 2.88403150e+04 -1.71917230e-07 -9.01081086e-06 
 2.95120923e+04 -1.81451416e-07 -9.22050914e-06 
 3.01995172e+04 -1.91434571e-07 -9.43507830e-06 
 3.09029543e+04 -2.01887819e-07 -9.65463083e-06 
 3.16227766e+04 -2.12833275e-07 -9.87928177e-06 
 3.23593657e+04 -2.24294096e-07 -1.01091488e-05 
 3.31131121e+04 -2.36294522e-07 -1.03443521e-05 
 3.38844156e+04 -2.48859935e-07 -1.05850148e-05 
 3.46736850e+04 -2.62016906e-07 -1.08312626e-05 
 3.54813389e+04 -2.75793253e-07 -1.10832243e-05 
 3.63078055e+04 -2.90218099e-07 -1.13410312e-05 
 3.71535229e+04 -3.05321934e-07 -1.16048179e-05 
 3.80189396e+04 -3.21136678e-07 -1.18747218e-05 
 3.89045145e+04 -3.37695746e-07 -1.21508835e-05 
 3.98107171e+04 -3.55034122e-07 -1.24334467e-05 
 4.07380278e+04 -3.73188427e-07 -1.27225582e-05 
 4.16869383e+04 -3.92196998e-07 -1.30183683e-05 
 4.26579519e+04 -4.12099969e-07 -1.33210303e-05 
 4.36515832e+04 -4.32939352e-07 -1.36307012e-05 
 4.46683592e+04 -4.54759126e-07 -1.39475412e-05 
 4.57088190e+04 -4.77605328e-07 -1.42717143e-05 
 4.67735141e+04 -5.01526148e-07 -1.46033878e-05 
 4.78630092e+04 -5.26572030e-07 -1.49427329e-05 
 4.89778819e+04 -5.52795776e-07 -1.52899244e-05 
 5.01187234e+04 -5.80252656e-07 -1.56451410e-05 
 5.12861384e+04 -6.09000519e-07 -1.60085651e-05 
 5.24807460e+04 -6.39099916e-07 -1.63803831e-05 
 5.37031796e+04 -6.70614226e-07 -1.67607856e-05 
 5.49540874e+04 -7.03609781e-07 -1.71499670e-05 
 5.62341325e+04 -7.38156008e-07 -1.75481260e-05 
 5.75439937e+04 -7.74325567e-07 -1.79554654e-05 
 5.88843655e+04 -8.12194504e-07 -1.83721924e-05 
 6.02559586e+04 -8.51842403e-07 -1.87985185e-05 
 6.16595002e+04 -8.93352550e-07 -1.92346596e-05 
 6.30957344e+04 -9.36812107e-07 -1.96808361e-05 
 6.45654229e+04 -9.82312279e-07 -2.01372730e-05 
 6.60693448e+04 -1.02994851e-06 -2.06041998e-05 
 6.76082975e+04 -1.07982068e-06 -2.10818507e-05 
 6.91830971e+04 -1.13203327e-06 -2.15704648e-05 
 7.07945784e+04 -1.18669564e-06 -2.20702858e-05 
 7.24435960e+04 -1.24392219e-06 -2.25815624e-05 
 7.41310241e+04 -1.30383261e-06 -2.31045481e-05 
 7.58577575e+04 -1.36655213e-06 -2.36395013e-05 
 7.76247117e+04 -1.43221176e-06 -2.41866857e-05 
 7.94328235e+04 -1.50094853e-06 -2.47463698e-05 
 8.12830516e+04 -1.57290582e-06 -2.53188274e-05 
 8.31763771e+04 -1.64823357e-06 -2.59043371e-05 
 8.51138038e+04 -1.72708865e-06 -2.65031831e-05 
 8.70963590e+04 -1.80963509e-06 -2.71156545e-05 
 8.91250938e+04 -1.89604448e-06 -2.77420458e-05 
 9.12010839e+04 -1.98649625e-06 -2.83826565e-05 
 9.33254301e+04 -2.08117803e-06 -2.90377916e-05 
 9.54992586e+04 -2.18028602e-06 -2.97077613e-05 
 9.77237221e+04 -2.28402538e-06 -3.03928809e-05 
 1.00000000e+05 -2.39261060e-06 -3.10934711e-05 
 1.02329299e+05 -2.50626590e-06 -3.18098576e-05 
 1.04712855e+05 -2.62522571e-06 -3.25423714e-05 
 1.07151931e+05 -2.74973504e-06 -3.32913486e-05 
 1.09647820e+05 -2.88004999e-06 -3.40571304e-05 
 1.12201845e+05 -3.01643820e-06 -3.48400629e-05 
 1.14815362e+05 -3.15917937e-06 -3.56404970e-05 
 1.17489755e+05 -3.30856575e-06 -3.64587885e-05 
 1.20226443e+05 -3.46490269e-06 -3.72952980e-05 
 1.23026877e+05 -3.62850918e-06 -3.81503903e-05 
 1.25892541e+05 -3.79971842e-06 -3.90244347e-05 
 1.28824955e+05 -3.97887844e-06 -3.99178049e-05 
 1.31825674e+05 -4.16635269e-06 -4.08308782e-05 
 1.34896288e+05 -4.36252068e-06 -4.17640359e-05 
 1.38038426e+05 -4.56777862e-06 -4.27176627e-05 
 1.41253754e+05 -4.78254016e-06 -4.36921465e-05 
 1.44543977e+05 -5.00723700e-06 -4.46878781e-05 
 1.47910839e+05 -5.24231968e-06 -4.57052508e-05 
 1.51356125e+05 -5.48825831e-06 -4.67446601e-05 
 1.54881662e+05 -5.74554333e-06 -4.78065033e-05 
 1.58489319e+05 -6.01468627e-06 -4.88911788e-05 
 1.62181010e+05 -6.29622062e-06 -4.99990860e-05 
 1.65958691e+05 -6.59070262e-06 -5.11306244e-05 
 1.69824365e+05 -6.89871212e-06 -5.22861931e-05 
 1.73780083e+05 -7.22085344e-06 -5.34661903e-05 
 1.77827941e+05 -7.55775629e-06 -5.46710124e-05 
 1.81970086e+05 -7.91007666e-06 -5.59010533e-05 
 1.86208714e+05 -8.27849776e-06 -5.71567038e-05 
 1.90546072e+05 -8.66373096e-06 -5.84383503e-05 
 1.94984460e+05 -9.06651672e-06 -5.97463743e-05 
 1.99526231e+05 -9.48762560e-06 -6.10811509e-05 
 2.04173794e+05 -9.92785923e-06 -6.24430482e-05 
 2.08929613e+05 -1.03880513e-05 -6.38324257e-05 
 2.13796209e+05 -1.08690685e-05 -6.52496332e-05 
 2.18776162e+05 -1.13718116e-05 -6.66950095e-05 
 2.23872114e+05 -1.18972165e-05 -6.81688810e-05 
 2.29086765e+05 -1.24462549e-05 -6.96715598e-05 
 2.34422882e+05 -1.30199357e-05 -7.12033424e-05 
 2.39883292e+05 -1.36193058e-05 -7.27645080e-05 
 2.45470892e+05 -1.42454507e-05 -7.43553161e-05 
 2.51188643e+05 -1.48994962e-05 -7.59760052e-05 
 2.57039578e+05 -1.55826083e-05 -7.76267901e-05 
 2.63026799e+05 -1.62959951e-05 -7.93078600e-05 
 2.69153480e+05 -1.70409065e-05 -8.10193761e-05 
 2.75422870e+05 -1.78186360e-05 -8.27614689e-05 
 2.81838293e+05 -1.86305205e-05 -8.45342357e-05 
 2.88403150e+05 -1.94779414e-05 -8.63377378e-05 
 2.95120923e+05 -2.03623251e-05 -8.81719975e-05 
 3.01995172e+05 -2.12851430e-05 -9.00369951e-05 
 3.09029543e+05 -2.22479124e-05 -9.19326654e-05 
 3.16227766e+05 -2.32521961e-05 -9.38588947e-05 
 3.23593657e+05 -2.42996029e-05 -9.58155170e-05 
 3.31131121e+05 -2.53917872e-05 -9.78023101e-05 
 3.38844156e+05 -2.65304487e-05 -9.98189921e-05 
 3.46736850e+05 -2.77173321e-05 -1.01865217e-04 
 3.54813389e+05 -2.89542263e-05 -1.03940571e-04 
 3.63078055e+05 -3.02429636e-05 -1.06044568e-04 
 3.71535229e+05 -3.15854183e-05 -1.08176645e-04 
 3.80189396e+05 -3.29835055e-05 -1.10336156e-04 
 3.89045145e+05 -3.44391793e-05 -1.12522370e-04 
 3.98107171e+05 -3.59544307e-05 -1.14734466e-04 
 4.07380278e+05 -3.75312855e-05 -1.16971525e-04 
 4.16869383e+05 -3.91718012e-05 -1.19232528e-04 
 4.26579519e+05 -4.08780644e-05 -1.21516349e-04 
 4.36515832e+05 -4.26521868e-05 -1.23821750e-04 
 4.46683592e+05 -4.44963016e-05 -1.26147379e-04 
 4.57088190e+05 -4.64125589e-05 -1.28491759e-04 
 4.67735141e+05 -4.84031213e-05 -1.30853287e-04 
 4.78630092e+05 -5.04701579e-05 -1.33230229e-04 
 4.89778819e+05 -5.26158392e-05 -1.35620714e-04 
 5.01187234e+05 -5.48423301e-05 -1.38022726e-04 
 5.12861384e+05 -5.71517834e-05 -1.40434105e-04 
 5.24807460e+05 -5.95463322e-05 -1.42852540e-04 
 5.37031796e+05 -6.20280816e-05 -1.45275562e-04 
 5.49540874e+05 -6.45991009e-05 -1.47700547e-04 
 5.62341325e+05 -6.72614133e-05 -1.50124704e-04 
 5.75439937e+05 -7.00169873e-05 -1.52545078e-04 
 5.88843655e+05 -7.28677254e-05 -1.54958547e-04 
 6.02559586e+05 -7.58154541e-05 -1.57361819e-04 
 6.16595002e+05 -7.88619119e-05 -1.59751427e-04 
 6.30957344e+05 -8.20087379e-05 -1.62123737e-04 
 6.45654229e+05 -8.52574591e-05 -1.64474940e-04 
 6.60693448e+05 -8.86094780e-05 -1.66801059e-04 
 6.76082975e+05 -9.20660593e-05 -1.69097945e-04 
 6.91830971e+05 -9.56283167e-05 -1.71361287e-04 
 7.07945784e+05 -9.92971991e-05 -1.73586611e-04 
 7.24435960e+05 -1.03073477e-04 -1.75769287e-04 
 7.41310241e+05 -1.06957728e-04 -1.77904535e-04 
 7.58577575e+05 -1.10950325e-04 -1.79987432e-04 
 7.76247117e+05 -1.15051420e-04 -1.82012924e-04 
 7.94328235e+05 -1.19260932e-04 -1.83975831e-04 
 8.12830516e+05 -1.23578535e-04 -1.85870862e-04 
 8.31763771e+05 -1.28003644e-04 -1.87692627e-04 
 8.51138038e+05 -1.32535404e-04 -1.89435650e-04 
 8.70963590e+05 -1.37172679e-04 -1.91094388e-04 
 8.91250938e+05 -1.41914040e-04 -1.92663241e-04 
 9.12010839e+05 -1.46757761e-04 -1.94136576e-04 
 9.33254301e+05 -1.51701807e-04 -1.95508743e-04 
 9.54992586e+05 -1.56743827e-04 -1.96774095e-04 
 9.77237221e+05 -1.61881154e-04 -1.97927011e-04 
 1.00000000e+06 -1.67110797e-04 -1.98961914e-04 
 1.02329299e+06 -1.72429442e-04 -1.99873296e-04 
 1.04712855e+06 -1.77833452e-04 -2.00655743e-04 
 1.07151931e+06 -1.83318868e-04 -2.01303952e-04 
 1.09647820e+06 -1.88881417e-04 -2.01812760e-04 
 1.12201845e+06 -1.94516513e-04 -2.02177165e-04 
 1.14815362e+06 -2.00219271e-04 -2.02392350e-04 
 1.17489755e+06 -2.05984515e-04 -2.02453705e-04 
 1.20226443e+06 -2.11806789e-04 -2.02356850e-04 
 1.23026877e+06 -2.17680375e-04 -2.02097653e-04 
 1.25892541e+06 -2.23599308e-04 -2.01672254e-04 
 1.28824955e+06 -2.29557395e-04 -2.01077081e-04 
 1.31825674e+06 -2.35548235e-04 -2.00308869e-04 
 1.34896288e+06 -2.41565242e-04 -1.99364672e-04 
 1.38038426e+06 -2.47601665e-04 -1.98241880e-04 
 1.41253754e+06 -2.53650618e-04 -1.96938229e-04 
 1.44543977e+06 -2.59705100e-04 -1.95451809e-04 
 1.47910839e+06 -2.65758025e-04 -1.93781074e-04 
 1.51356125e+06 -2.71802248e-04 -1.91924843e-04 
 1.54881662e+06 -2.77830591e-04 -1.89882302e-04 
 1.58489319e+06 -2.83835873e-04 -1.87653009e-04 
 1.62181010e+06 -2.89810933e-04 -1.85236885e-04 
 1.65958691e+06 -2.95748662e-04 -1.82634210e-04 
 1.69824365e+06 -3.01642022e-04 -1.79845619e-04 
 1.73780083e+06 -3.07484078e-04 -1.76872090e-04 
 1.77827941e+06 -3.13268017e-04 -1.73714928e-04 
 1.81970086e+06 -3.18987173e-04 -1.70375759e-04 
 1.86208714e+06 -3.24635047e-04 -1.66856508e-04 
 1.90546072e+06 -3.30205324e-04 -1.63159384e-04 
 1.94984460e+06 -3.35691895e-04 -1.59286861e-04 
 1.99526231e+06 -3.41088869e-04 -1.55241657e-04 
 2.04173794e+06 -3.46390585e-04 -1.51026715e-04 
 2.08929613e+06 -3.51591630e-04 -1.46645178e-04 
 2.13796209e+06 -3.56686837e-04 -1.42100369e-04 
 2.18776162e+06 -3.61671303e-04 -1.37395768e-04 
 2.23872114e+06 -3.66540385e-04 -1.32534988e-04 
 2.29086765e+06 -3.71289710e-04 -1.27521753e-04 
 2.34422882e+06 -3.75915168e-04 -1.22359874e-04 
 2.39883292e+06 -3.80412915e-04 -1.17053231e-04 
 2.45470892e+06 -3.84779371e-04 -1.11605746e-04 
 2.51188643e+06 -3.89011209e-04 -1.06021366e-04 
 2.57039578e+06 -3.93105354e-04 -1.00304043e-04 
 2.63026799e+06 -3.97058971e-04 -9.44577140e-05 
 2.69153480e+06 -4.00869457e-04 -8.84862865e-05 
 2.75422870e+06 -4.04534429e-04 -8.23936191e-05 
 2.81838293e+06 -4.08051712e-04 -7.61835086e-05 
 2.88403150e+06 -4.11419327e-04 -6.98596764e-05 
 2.95120923e+06 -4.14635476e-04 -6.34257568e-05 
 3.01995172e+06 -4.17698525e-04 -5.68852862e-05 
 3.09029543e+06 -4.20606996e-04 -5.02416945e-05 
 3.16227766e+06 -4.23359543e-04 -4.34982976e-05 
 3.23593657e+06 -4.25954942e-04 -3.66582915e-05 
 3.31131121e+06 -4.28392074e-04 -2.97247475e-05 
 3.38844156e+06 -4.30669906e-04 -2.27006095e-05 
 3.46736850e+06 -4.32787480e-04 -1.55886923e-05 
 3.54813389e+06 -4.34743894e-04 -8.39168081e-06 
 3.63078055e+06 -4.36538286e-04 -1.11213117e-06 
 3.71535229e+06 -4.38169823e-04  6.24752702e-06 
 3.80189396e+06 -4.39637683e-04  1.36849876e-05 
 3.89045145e+06 -4.40941039e-04  2.11980633e-05 
 3.98107171e+06 -4.42079052e-04  2.87846804e-05 
 4.07380278e+06 -4.43050851e-04  3.64428722e-05 
 4.16869383e+06 -4.43855524e-04  4.41707718e-05 
 4.26579519e+06 -4.44492108e-04  5.19666036e-05 
 4.36515832e+06 -4.44959572e-04  5.98286742e-05 
 4.46683592e+06 -4.45256815e-04  6.77553629e-05 
 4.57088190e+06 -4.45382647e-04  7.57451107e-05 
 4.67735141e+06 -4.45335791e-04  8.37964094e-05 
 4.78630092e+06 -4.45114865e-04  9.19077894e-05 
 4.89778819e+06 -4.44718381e-04  1.00077808e-04 
 5.01187234e+06 -4.44144738e-04  1.08305034e-04 
 5.12861384e+06 -4.43392216e-04  1.16588038e-04 
 5.24807460e+06 -4.42458971e-04  1.24925377e-04 
 5.37031796e+06 -4.41343032e-04  1.33315578e-04 
 5.49540874e+06 -4.40042300e-04  1.41757124e-04 
 5.62341325e+06 -4.38554545e-04  1.50248443e-04 
 5.75439937e+06 -4.36877404e-04  1.58787888e-04 
 5.88843655e+06 -4.35008386e-04  1.67373721e-04 
 6.02559586e+06 -4.32944869e-04  1.76004102e-04 
 6.16595002e+06 -4.30684105e-04  1.84677069e-04 
 6.30957344e+06 -4.28223224e-04  1.93390524e-04 
 6.45654229e+06 -4.25559236e-04  2.02142213e-04 
 6.60693448e+06 -4.22689040e-04  2.10929716e-04 
 6.76082975e+06 -4.19609433e-04  2.19750427e-04 
 6.91830971e+06 -4.16317111e-04  2.28601536e-04 
 7.07945784e+06 -4.12808688e-04  2.37480020e-04 
 7.24435960e+06 -4.09080700e-04  2.46382618e-04 
 7.41310241e+06 -4.05129622e-04  2.55305826e-04 
 7.58577575e+06 -4.00951878e-04  2.64245872e-04 
 7.76247117e+06 -3.96543859e-04  2.73198710e-04 
 7.94328235e+06 -3.91901939e-04  2.82160002e-04 
 8.12830516e+06 -3.87022490e-04  2.91125105e-04 
 8.31763771e+06 -3.81901907e-04  3.00089060e-04 
 8.51138038e+06 -3.76536624e-04  3.09046580e-04 
 8.70963590e+06 -3.70923136e-04  3.17992042e-04 
 8.91250938e+06 -3.65058026e-04  3.26919475e-04 
 9.12010839e+06 -3.58937990e-04  3.35822553e-04 
 9.33254301e+06 -3.52559856e-04  3.44694593e-04 
 9.54992586e+06 -3.45920622e-04  3.53528544e-04 
 9.77237221e+06 -3.39017475e-04  3.62316993e-04 
 1.00000000e+07 -3.31847828e-04  3.71052156e-04 
 1.02329299e+07 -3.24409345e-04  3.79725886e-04 
 1.04712855e+07 -3.16699975e-04  3.88329673e-04 
 1.07151931e+07 -3.08717986e-04  3.96854656e-04 
 1.09647820e+07 -3.00461991e-04  4.05291624e-04 
 1.12201845e+07 -2.91930987e-04  4.13631036e-04 
 1.14815362e+07 -2.83124387e-04  4.21863031e-04 
 1.17489755e+07 -2.74042047e-04  4.29977447e-04 
 1.20226443e+07 -2.64684306e-04  4.37963841e-04 
 1.23026877e+07 -2.55052010e-04  4.45811515e-04 
 1.25892541e+07 -2.45146549e-04  4.53509540e-04 
 1.28824955e+07 -2.34969880e-04  4.61046788e-04 
 1.31825674e+07 -2.24524558e-04  4.68411967e-04 
 1.34896288e+07 -2.13813759e-04  4.75593651e-04 
 1.38038426e+07 -2.02841307e-04  4.82580326e-04 
 1.41253754e+07 -1.91611688e-04  4.89360429e-04 
 1.44543977e+07 -1.80130073e-04  4.95922392e-04 
 1.47910839e+07 -1.68402327e-04  5.02254691e-04 
 1.51356125e+07 -1.56435024e-04  5.08345893e-04 
 1.54881662e+07 -1.44235450e-04  5.14184709e-04 
 1.58489319e+07 -1.31811604e-04  5.19760045e-04 
 1.62181010e+07 -1.19172201e-04  5.25061057e-04 
 1.65958691e+07 -1.06326660e-04  5.30077204e-04 
 1.69824365e+07 -9.32850939e-05  5.34798303e-04 
 1.73780083e+07 -8.00582918e-05  5.39214585e-04 
 1.77827941e+07 -6.66576996e-05  5.43316745e-04 
 1.81970086e+07 -5.30953916e-05  5.47096000e-04 
 1.86208714e+07 -3.93840397e-05  5.50544132e-04 
 1.90546072e+07 -2.55368769e-05  5.53653545e-04 
 1.94984460e+07 -1.15676569e-05  5.56417305e-04 
 1.99526231e+07  2.50939148e-06  5.58829182e-04 
 2.04173794e+07  1.66796130e-05  5.60883695e-04 
 2.08929613e+07  3.09279790e-05  5.62576139e-04 
 2.13796209e+07  4.52391438e-05  5.63902619e-04 
 2.18776162e+07  5.95975027e-05  5.64860076e-04 
 2.23872114e+07  7.39872543e-05  5.65446303e-04 
 2.29086765e+07  8.83924624e-05  5.65659965e-04 
 2.34422882e+07  1.02797121e-04  5.65500602e-04 
 2.39883292e+07  1.17185217e-04  5.64968636e-04 
 2.45470892e+07  1.31540799e-04  5.64065370e-04 
 2.51188643e+07  1.45848038e-04  5.62792975e-04 
 2.57039578e+07  1.60091291e-04  5.61154478e-04 
 2.63026799e+07  1.74255162e-04  5.59153746e-04 
 2.69153480e+07  1.88324565e-04  5.56795457e-04 
 2.75422870e+07  2.02284773e-04  5.54085073e-04 
 2.81838293e+07  2.16121478e-04  5.51028805e-04 
 2.88403150e+07  2.29820839e-04  5.47633576e-04 
 2.95120923e+07  2.43369522e-04  5.43906979e-04 
 3.01995172e+07  2.56754749e-04  5.39857229e-04 
 3.09029543e+07  2.69964329e-04  5.35493120e-04 
 3.16227766e+07  2.82986692e-04  5.30823970e-04 
 3.23593657e+07  2.95810918e-04  5.25859572e-04 
 3.31131121e+07  3.08426753e-04  5.20610139e-04 
 3.38844156e+07  3.20824632e-04  5.15086251e-04 
 3.46736850e+07  3.32995689e-04  5.09298800e-04 
 3.54813389e+07  3.44931763e-04  5.03258935e-04 
 3.63078055e+07  3.56625403e-04  4.96978013e-04 
 3.71535229e+07  3.68069866e-04  4.90467540e-04 
 3.80189396e+07  3.79259108e-04  4.83739124e-04 
 3.89045145e+07  3.90187777e-04  4.76804429e-04 
 3.98107171e+07  4.00851201e-04  4.69675120e-04 
 4.07380278e+07  4.11245365e-04  4.62362826e-04 
 4.16869383e+07  4.21366898e-04  4.54879096e-04 
 4.26579519e+07  4.31213043e-04  4.47235356e-04 
 4.36515832e+07  4.40781639e-04  4.39442881e-04 
 4.46683592e+07  4.50071089e-04  4.31512753e-04 
 4.57088190e+07  4.59080332e-04  4.23455839e-04 
 4.67735141e+07  4.67808815e-04  4.15282759e-04 
 4.78630092e+07  4.76256458e-04  4.07003863e-04 
 4.89778819e+07  4.84423626e-04  3.98629215e-04 
 5.01187234e+07  4.92311092e-04  3.90168570e-04 
 5.12861384e+07  4.99920010e-04  3.81631362e-04 
 5.24807460e+07  5.07251875e-04  3.73026696e-04 
 5.37031796e+07  5.14308498e-04  3.64363331e-04 
 5.49540874e+07  5.21091968e-04  3.55649684e-04 
 5.62341325e+07  5.27604625e-04  3.46893818e-04 
 5.75439937e+07  5.33849027e-04  3.38103446e-04 
 5.88843655e+07  5.39827920e-04  3.29285930e-04 
 6.02559586e+07  5.45544214e-04  3.20448285e-04 
 6.16595002e+07  5.51000950e-04  3.11597186e-04 
 6.30957344e+07  5.56201275e-04  3.02738968e-04 
 6.45654229e+07  5.61148423e-04  2.93879642e-04 
 6.60693448e+07  5.65845685e-04  2.85024903e-04 
 6.76082975e+07  5.70296388e-04  2.76180137e-04 
 6.91830971e+07  5.74503880e-04  2.67350438e-04 
 7.07945784e+07  5.78471504e-04  2.58540621e-04 
 7.24435960e+07  5.82202587e-04  2.49755233e-04 
 7.41310241e+07  5.85700419e-04  2.40998571e-04 
 7.58577575e+07  5.88968242e-04  2.32274696e-04 
 7.76247117e+07  5.92009236e-04  2.23587451e-04 
 7.94328235e+07  5.94826506e-04  2.14940475e-04 
 8.12830516e+07  5.97423074e-04  2.06337222e-04 
 8.31763771e+07  5.99801872e-04  1.97780981e-04 
 8.51138038e+07  6.01965731e-04  1.89274886e-04 
 8.70963590e+07  6.03917376e-04  1.80821941e-04 
 8.91250938e+07  6.05659425e-04  1.72425034e-04 
 9.12010839e+07  6.07194383e-04  1.64086956e-04 
 9.33254301e+07  6.08524640e-04  1.55810416e-04 
 9.54992586e+07  6.09652473e-04  1.47598064e-04 
 9.77237221e+07  6.10580045e-04  1.39452501e-04 
 1.00000000e+08  6.11309406e-04  1.31376302e-04 
 1.02329299e+08  6.11842499e-04  1.23372030e-04 
 1.04712855e+08  6.12181165e-04  1.15442252e-04 
 1.07151931e+08  6.12327144e-04  1.07589554e-04 
 1.09647820e+08  6.12282087e-04  9.98165604e-05 
 1.12201845e+08  6.12047562e-04  9.21259430e-05 
 1.14815362e+08  6.11625062e-04  8.45204394e-05 
 1.17489755e+08  6.11016020e-04  7.70028645e-05 
 1.20226443e+08  6.10221812e-04  6.95761237e-05 
 1.23026877e+08  6.09243779e-04  6.22432245e-05 
 1.25892541e+08  6.08083234e-04  5.50072872e-05 
 1.28824955e+08  6.06741479e-04  4.78715553e-05 
 1.31825674e+08  6.05219821e-04  4.08394039e-05 
 1.34896288e+08  6.03519586e-04  3.39143477e-05 
 1.38038426e+08  6.01642139e-04  2.71000471e-05 
 1.41253754e+08  5.99588900e-04  2.04003139e-05 
 1.44543977e+08  5.97361365e-04  1.38191144e-05 
 1.47910839e+08  5.94961124e-04  7.36057221e-06 
 1.51356125e+08  5.92389881e-04  1.02896847e-06 
 1.54881662e+08  5.89649474e-04 -5.17125881e-06 
 1.58489319e+08  5.86741899e-04 -1.12355176e-05 
 1.62181010e+08  5.83669328e-04 -1.71590665e-05 
 1.65958691e+08  5.80434131e-04 -2.29370211e-05 
 1.69824365e+08  5.77038898e-04 -2.85643620e-05 
 1.73780083e+08  5.73486460e-04 -3.40359461e-05 
 1.77827941e+08  5.69779909e-04 -3.93465181e-05 
 1.81970086e+08  5.65922620e-04 -4.44907252e-05 
 1.86208714e+08  5.61918266e-04 -4.94631342e-05 
 1.90546072e+08  5.57770842e-04 -5.42582495e-05 
 1.94984460e+08  5.53484681e-04 -5.88705338e-05 
 1.99526231e+08  5.49064467e-04 -6.32944312e-05 
 2.04173794e+08  5.44515254e-04 -6.75243913e-05 
 2.08929613e+08  5.39842474e-04 -7.15548959e-05 
 2.13796209e+08  5.35051953e-04 -7.53804869e-05 
 2.18776162e+08  5.30149918e-04 -7.89957961e-05 
 2.23872114e+08  5.25143000e-04 -8.23955765e-05 
 2.29086765e+08  5.20038243e-04 -8.55747343e-05 
 2.34422882e+08  5.14843104e-04 -8.85283625e-05 
 2.39883292e+08  5.09565448e-04 -9.12517750e-05 
 2.45470892e+08  5.04213549e-04 -9.37405412e-05 
 2.51188643e+08  4.98796079e-04 -9.59905211e-05 
 2.57039578e+08  4.93322097e-04 -9.79978999e-05 
 2.63026799e+08  4.87801039e-04 -9.97592233e-05 
 2.69153480e+08  4.82242698e-04 -1.01271431e-04 
 2.75422870e+08  4.76657204e-04 -1.02531889e-04 
 2.81838293e+08  4.71055003e-04 -1.03538424e-04 
 2.88403150e+08  4.65446831e-04 -1.04289351e-04 
 2.95120923e+08  4.59843683e-04 -1.04783502e-04 
 3.01995172e+08  4.54256786e-04 -1.05020256e-04 
 3.09029543e+08  4.48697558e-04 -1.04999558e-04 
 3.16227766e+08  4.43177581e-04 -1.04721944e-04 
 3.23593657e+08  4.37708555e-04 -1.04188559e-04 
 3.31131121e+08  4.32302264e-04 -1.03401170e-04 
 3.38844156e+08  4.26970530e-04 -1.02362183e-04 
 3.46736850e+08  4.21725176e-04 -1.01074650e-04 
 3.54813389e+08  4.16577977e-04 -9.95422730e-05 
 3.63078055e+08  4.11540621e-04 -9.77694100e-05 
 3.71535229e+08  4.06624664e-04 -9.57610719e-05 
 3.80189396e+08  4.01841483e-04 -9.35229185e-05 
 3.89045145e+08  3.97202239e-04 -9.10612514e-05 
 3.98107171e+08  3.92717829e-04 -8.83830024e-05 
 4.07380278e+08  3.88398846e-04 -8.54957196e-05 
 4.16869383e+08  3.84255542e-04 -8.24075507e-05 
 4.26579519e+08  3.80297783e-04 -7.91272225e-05 
 4.36515832e+08  3.76535017e-04 -7.56640187e-05 
 4.46683592e+08  3.72976238e-04 -7.20277546e-05 
 4.57088190e+08  3.69629952e-04 -6.82287500e-05 
 4.67735141e+08  3.66504144e-04 -6.42777998e-05 
 4.78630092e+08  3.63606253e-04 -6.01861426e-05 
 4.89778819e+08  3.60943145e-04 -5.59654281e-05 
 5.01187234e+08  3.58521087e-04 -5.16276829e-05 
 5.12861384e+08  3.56345726e-04 -4.71852751e-05 
 5.24807460e+08  3.54422071e-04 -4.26508780e-05 
 5.37031796e+08  3.52754478e-04 -3.80374326e-05 
 5.49540874e+08  3.51346631e-04 -3.33581100e-05 
 5.62341325e+08  3.50201534e-04 -2.86262731e-05 
 5.75439937e+08  3.49321500e-04 -2.38554378e-05 
 5.88843655e+08  3.48708147e-04 -1.90592343e-05 
 6.02559586e+08  3.48362387e-04 -1.42513680e-05 
 6.16595002e+08  3.48284428e-04 -9.44558051e-06 
 6.30957344e+08  3.48473774e-04 -4.65561099e-06 
 6.45654229e+08  3.48929223e-04  1.04842482e-07 
 6.60693448e+08  3.49648873e-04  4.82216132e-06 
 6.76082975e+08  3.50630130e-04  9.48284429e-06 
 6.91830971e+08  3.51869710e-04  1.40735451e-05 
 7.07945784e+08  3.53363656e-04  1.85811093e-05 
 7.24435960e+08  3.55107343e-04  2.29926107e-05 
 7.41310241e+08  3.57095497e-04  2.72953870e-05 
 7.58577575e+08  3.59322208e-04  3.14770751e-05 
 7.76247117e+08  3.61780951e-04  3.55256443e-05 
 7.94328235e+08  3.64464599e-04  3.94294304e-05 
 8.12830516e+08  3.67365454e-04  4.31771669e-05 
 8.31763771e+08  3.70475263e-04  4.67580163e-05 
 8.51138038e+08  3.73785245e-04  5.01615993e-05 
 8.70963590e+08  3.77286121e-04  5.33780230e-05 
 8.91250938e+08  3.80968141e-04  5.63979068e-05 
 9.12010839e+08  3.84821114e-04  5.92124079e-05 
 9.33254301e+08  3.88834442e-04  6.18132430e-05 
 9.54992586e+08  3.92997152e-04  6.41927101e-05 
 9.77237221e+08  3.97297932e-04  6.63437060e-05 
 1.00000000e+09  4.01725167e-04  6.82597431e-05 
