 1.00000000e+00 -9.00000049e+01 
 1.02329299e+00 -9.00000522e+01 
 1.04712855e+00 -9.00001725e+01 
 1.07151931e+00  8.99998402e+01 
 1.09647820e+00  9.00000787e+01 
 1.12201845e+00 -9.00001091e+01 
 1.14815362e+00 -9.00001029e+01 
 1.17489755e+00  8.99998814e+01 
 1.20226443e+00 -9.00000388e+01 
 1.23026877e+00 -9.00002322e+01 
 1.25892541e+00 -9.00000760e+01 
 1.28824955e+00 -9.00001079e+01 
 1.31825674e+00  8.99998839e+01 
 1.34896288e+00  8.99999498e+01 
 1.38038426e+00 -9.00003805e+01 
 1.41253754e+00  8.99998902e+01 
 1.44543977e+00  8.99998549e+01 
 1.47910839e+00  8.99997211e+01 
 1.51356125e+00  1.79999882e+02 
 1.54881662e+00 -9.00002297e+01 
 1.58489319e+00 -9.00001778e+01 
 1.62181010e+00 -9.00001625e+01 
 1.65958691e+00  8.99998710e+01 
 1.69824365e+00 -1.32003554e-04 
 1.73780083e+00  8.99997921e+01 
 1.77827941e+00  8.99998071e+01 
 1.81970086e+00  8.99997493e+01 
 1.86208714e+00 -9.00001557e+01 
 1.90546072e+00 -9.00001663e+01 
 1.94984460e+00  8.99998211e+01 
 1.99526231e+00  8.99998449e+01 
 2.04173794e+00 -9.00001769e+01 
 2.08929613e+00 -9.00001624e+01 
 2.13796209e+00  8.99998026e+01 
 2.18776162e+00 -1.70053519e-04 
 2.23872114e+00 -9.00002833e+01 
 2.29086765e+00  8.99998219e+01 
 2.34422882e+00  8.99997814e+01 
 2.39883292e+00 -9.00002593e+01 
 2.45470892e+00  8.99997546e+01 
 2.51188643e+00 -9.00002499e+01 
 2.57039578e+00 -9.00001998e+01 
 2.63026799e+00 -9.00002044e+01 
 2.69153480e+00  8.99996542e+01 
 2.75422870e+00 -9.00003124e+01 
 2.81838293e+00  8.99997324e+01 
 2.88403150e+00 -9.00002856e+01 
 2.95120923e+00  8.99997050e+01 
 3.01995172e+00  8.99997028e+01 
 3.09029543e+00 -9.00002839e+01 
 3.16227766e+00 -9.00002822e+01 
 3.23593657e+00  8.99997094e+01 
 3.31131121e+00 -9.00003060e+01 
 3.38844156e+00 -9.00002634e+01 
 3.46736850e+00 -9.00003164e+01 
 3.54813389e+00 -9.00003031e+01 
 3.63078055e+00  8.99996631e+01 
 3.71535229e+00 -9.00003512e+01 
 3.80189396e+00  8.99995679e+01 
 3.89045145e+00  8.99996430e+01 
 3.98107171e+00  8.99996223e+01 
 4.07380278e+00 -9.00003895e+01 
 4.16869383e+00 -9.00003605e+01 
 4.26579519e+00  8.99995591e+01 
 4.36515832e+00  8.99995514e+01 
 4.46683592e+00  0.00000000e+00 
 4.57088190e+00  8.99995719e+01 
 4.67735141e+00  8.99995818e+01 
 4.78630092e+00  8.99995733e+01 
 4.89778819e+00  8.99995756e+01 
 5.01187234e+00  8.99995011e+01 
 5.12861384e+00 -9.00004943e+01 
 5.24807460e+00  1.79999592e+02 
 5.37031796e+00  8.99995826e+01 
 5.49540874e+00 -9.00005182e+01 
 5.62341325e+00 -9.00005464e+01 
 5.75439937e+00  8.99994556e+01 
 5.88843655e+00  8.99994694e+01 
 6.02559586e+00  8.99994380e+01 
 6.16595002e+00 -9.00005886e+01 
 6.30957344e+00 -9.00005924e+01 
 6.45654229e+00 -9.00006211e+01 
 6.60693448e+00  8.99993990e+01 
 6.76082975e+00 -9.00006264e+01 
 6.91830971e+00 -9.00006470e+01 
 7.07945784e+00 -9.00004410e+01 
 7.24435960e+00 -9.00006880e+01 
 7.41310241e+00 -9.00007219e+01 
 7.58577575e+00 -9.00007208e+01 
 7.76247117e+00  8.99992655e+01 
 7.94328235e+00  8.99993826e+01 
 8.12830516e+00 -9.00007192e+01 
 8.31763771e+00 -9.00007558e+01 
 8.51138038e+00 -9.00007344e+01 
 8.70963590e+00  1.79999323e+02 
 8.91250938e+00 -9.00008263e+01 
 9.12010839e+00 -9.00008910e+01 
 9.33254301e+00 -9.00009440e+01 
 9.54992586e+00  8.99991484e+01 
 9.77237221e+00 -9.00008470e+01 
 1.00000000e+01  8.99991134e+01 
 1.02329299e+01  0.00000000e+00 
 1.04712855e+01  8.99990072e+01 
 1.07151931e+01  8.99989485e+01 
 1.09647820e+01  8.99989291e+01 
 1.12201845e+01  8.99989530e+01 
 1.14815362e+01  8.99989394e+01 
 1.17489755e+01  8.99989046e+01 
 1.20226443e+01  8.99988469e+01 
 1.23026877e+01  8.99988980e+01 
 1.25892541e+01  8.99986936e+01 
 1.28824955e+01 -1.00134936e-03 
 1.31825674e+01  8.99987568e+01 
 1.34896288e+01  8.99986236e+01 
 1.38038426e+01  8.99987085e+01 
 1.41253754e+01 -9.00010980e+01 
 1.44543977e+01 -9.00013421e+01 
 1.47910839e+01 -9.00013683e+01 
 1.51356125e+01  8.99986050e+01 
 1.54881662e+01  8.99981404e+01 
 1.58489319e+01  8.99984766e+01 
 1.62181010e+01  8.99985937e+01 
 1.65958691e+01  8.99983822e+01 
 1.69824365e+01 -9.00016115e+01 
 1.73780083e+01 -9.00016422e+01 
 1.77827941e+01 -9.00016828e+01 
 1.81970086e+01  8.99982941e+01 
 1.86208714e+01 -9.00016933e+01 
 1.90546072e+01 -9.00018090e+01 
 1.94984460e+01  8.99981097e+01 
 1.99526231e+01  8.99986677e+01 
 2.04173794e+01  8.99980851e+01 
 2.08929613e+01  8.99980978e+01 
 2.13796209e+01 -9.00019532e+01 
 2.18776162e+01  8.99976438e+01 
 2.23872114e+01 -9.00026144e+01 
 2.29086765e+01  8.99979411e+01 
 2.34422882e+01  8.99977407e+01 
 2.39883292e+01 -9.00023017e+01 
 2.45470892e+01 -9.00023452e+01 
 2.51188643e+01 -9.00023350e+01 
 2.57039578e+01 -9.00019980e+01 
 2.63026799e+01  8.99974559e+01 
 2.69153480e+01  8.99974708e+01 
 2.75422870e+01 -9.00025780e+01 
 2.81838293e+01  8.99975179e+01 
 2.88403150e+01  8.99973648e+01 
 2.95120923e+01  8.99972689e+01 
 3.01995172e+01  8.99971062e+01 
 3.09029543e+01  8.99970297e+01 
 3.16227766e+01 -2.45802120e-03 
 3.23593657e+01  8.99969851e+01 
 3.31131121e+01 -9.00031203e+01 
 3.38844156e+01  8.99969291e+01 
 3.46736850e+01  8.99967948e+01 
 3.54813389e+01 -9.00036322e+01 
 3.63078055e+01  8.99966533e+01 
 3.71535229e+01 -9.00034708e+01 
 3.80189396e+01 -9.00036421e+01 
 3.89045145e+01  8.99964514e+01 
 3.98107171e+01 -9.00036190e+01 
 4.07380278e+01 -9.00037494e+01 
 4.16869383e+01  8.99961040e+01 
 4.26579519e+01 -9.00041900e+01 
 4.36515832e+01  8.99957327e+01 
 4.46683592e+01  8.99956537e+01 
 4.57088190e+01  8.99955728e+01 
 4.67735141e+01 -9.00045099e+01 
 4.78630092e+01 -9.00045946e+01 
 4.89778819e+01  8.99954936e+01 
 5.01187234e+01 -9.00056442e+01 
 5.12861384e+01 -9.00048607e+01 
 5.24807460e+01  8.99950464e+01 
 5.37031796e+01 -9.00050486e+01 
 5.49540874e+01  8.99950728e+01 
 5.62341325e+01 -9.00050705e+01 
 5.75439937e+01 -9.00054928e+01 
 5.88843655e+01 -9.00054513e+01 
 6.02559586e+01  8.99948792e+01 
 6.16595002e+01  1.79995207e+02 
 6.30957344e+01  8.99939299e+01 
 6.45654229e+01  8.99932328e+01 
 6.60693448e+01 -9.00062284e+01 
 6.76082975e+01  8.99937249e+01 
 6.91830971e+01  8.99934567e+01 
 7.07945784e+01 -9.00068142e+01 
 7.24435960e+01  8.99932033e+01 
 7.41310241e+01 -9.00068113e+01 
 7.58577575e+01 -9.00073535e+01 
 7.76247117e+01  8.99930920e+01 
 7.94328235e+01 -9.00073400e+01 
 8.12830516e+01  8.99928076e+01 
 8.31763771e+01  8.99919805e+01 
 8.51138038e+01  8.99919270e+01 
 8.70963590e+01 -9.00082687e+01 
 8.91250938e+01 -9.00078019e+01 
 9.12010839e+01 -9.00085196e+01 
 9.33254301e+01  8.99904145e+01 
 9.54992586e+01 -9.00089968e+01 
 9.77237221e+01  8.99910052e+01 
 1.00000000e+02  0.00000000e+00 
 1.02329299e+02  8.99904723e+01 
 1.04712855e+02  8.99902579e+01 
 1.07151931e+02  8.99899226e+01 
 1.09647820e+02 -9.00103634e+01 
 1.12201845e+02  1.79991279e+02 
 1.14815362e+02 -9.00106731e+01 
 1.17489755e+02  8.99873705e+01 
 1.20226443e+02  8.99889063e+01 
 1.23026877e+02 -9.00113113e+01 
 1.25892541e+02 -9.00124084e+01 
 1.28824955e+02  8.99878494e+01 
 1.31825674e+02  8.99880047e+01 
 1.34896288e+02 -9.00122339e+01 
 1.38038426e+02 -9.00128279e+01 
 1.41253754e+02  8.99855234e+01 
 1.44543977e+02 -1.12353245e-02 
 1.47910839e+02 -9.00167426e+01 
 1.51356125e+02  0.00000000e+00 
 1.54881662e+02 -9.00148365e+01 
 1.58489319e+02 -9.00144175e+01 
 1.62181010e+02  8.99838967e+01 
 1.65958691e+02  8.99836031e+01 
 1.69824365e+02  8.99833026e+01 
 1.73780083e+02 -9.00170049e+01 
 1.77827941e+02  8.99833799e+01 
 1.81970086e+02 -9.00158930e+01 
 1.86208714e+02 -9.00179710e+01 
 1.90546072e+02  8.99840233e+01 
 1.94984460e+02  8.99817150e+01 
 1.99526231e+02  8.99844909e+01 
 2.04173794e+02  0.00000000e+00 
 2.08929613e+02 -9.00197370e+01 
 2.13796209e+02 -9.00199564e+01 
 2.18776162e+02  8.99760005e+01 
 2.23872114e+02  8.99795386e+01 
 2.29086765e+02  8.99786962e+01 
 2.34422882e+02 -9.00217186e+01 
 2.39883292e+02  8.99766913e+01 
 2.45470892e+02 -9.00260744e+01 
 2.51188643e+02 -9.00247703e+01 
 2.57039578e+02  8.99730263e+01 
 2.63026799e+02  8.99760580e+01 
 2.69153480e+02  8.99747075e+01 
 2.75422870e+02  8.99746573e+01 
 2.81838293e+02  8.99745958e+01 
 2.88403150e+02  8.99732113e+01 
 2.95120923e+02  8.99700663e+01 
 3.01995172e+02  8.99706977e+01 
 3.09029543e+02  8.99724822e+01 
 3.16227766e+02 -9.00350714e+01 
 3.23593657e+02  8.99708506e+01 
 3.31131121e+02  8.99695986e+01 
 3.38844156e+02  1.79973662e+02 
 3.46736850e+02  8.99660542e+01 
 3.54813389e+02  8.99724206e+01 
 3.63078055e+02 -9.00352160e+01 
 3.71535229e+02 -9.00338750e+01 
 3.80189396e+02  8.99644531e+01 
 3.89045145e+02 -9.00372344e+01 
 3.98107171e+02 -9.00379388e+01 
 4.07380278e+02  8.99578434e+01 
 4.16869383e+02 -9.00393971e+01 
 4.26579519e+02 -9.00401519e+01 
 4.36515832e+02  8.99604746e+01 
 4.46683592e+02 -9.00405489e+01 
 4.57088190e+02 -9.00425233e+01 
 4.67735141e+02 -9.00433509e+01 
 4.78630092e+02 -9.00372037e+01 
 4.89778819e+02  8.99619298e+01 
 5.01187234e+02  8.99540489e+01 
 5.12861384e+02 -9.00515213e+01 
 5.24807460e+02 -9.00547812e+01 
 5.37031796e+02  8.99442686e+01 
 5.49540874e+02  8.99467933e+01 
 5.62341325e+02 -9.00507046e+01 
 5.75439937e+02  1.79955271e+02 
 5.88843655e+02  8.99419898e+01 
 6.02559586e+02  8.99461693e+01 
 6.16595002e+02 -9.00572531e+01 
 6.30957344e+02 -9.00700263e+01 
 6.45654229e+02  8.99386231e+01 
 6.60693448e+02 -9.00606808e+01 
 6.76082975e+02  8.99390555e+01 
 6.91830971e+02  8.99322361e+01 
 7.07945784e+02  8.99309835e+01 
 7.24435960e+02 -9.00675006e+01 
 7.41310241e+02 -9.00646157e+01 
 7.58577575e+02  8.99270480e+01 
 7.76247117e+02  8.99284722e+01 
 7.94328235e+02  8.99258233e+01 
 8.12830516e+02 -9.00785679e+01 
 8.31763771e+02 -9.00786407e+01 
 8.51138038e+02 -9.00801467e+01 
 8.70963590e+02  1.79932301e+02 
 8.91250938e+02  8.99307236e+01 
 9.12010839e+02 -9.00848783e+01 
 9.33254301e+02 -9.00865295e+01 
 9.54992586e+02  0.00000000e+00 
 9.77237221e+02 -9.00871507e+01 
 1.00000000e+03 -9.00917176e+01 
 1.02329299e+03  1.79920460e+02 
 1.04712855e+03  8.99046191e+01 
 1.07151931e+03  8.99062203e+01 
 1.09647820e+03  8.99007832e+01 
 1.12201845e+03  8.98928030e+01 
 1.14815362e+03  0.00000000e+00 
 1.17489755e+03  8.98900250e+01 
 1.20226443e+03 -9.00934513e+01 
 1.23026877e+03  8.98903837e+01 
 1.25892541e+03  8.99021445e+01 
 1.28824955e+03 -9.01187858e+01 
 1.31825674e+03 -9.01024673e+01 
 1.34896288e+03  1.79895146e+02 
 1.38038426e+03  8.98740526e+01 
 1.41253754e+03 -9.01349745e+01 
 1.44543977e+03  8.98666645e+01 
 1.47910839e+03  8.98514581e+01 
 1.51356125e+03 -9.01456246e+01 
 1.54881662e+03  8.98236586e+01 
 1.58489319e+03 -9.01441751e+01 
 1.62181010e+03  0.00000000e+00 
 1.65958691e+03 -9.01569750e+01 
 1.69824365e+03  8.98493457e+01 
 1.73780083e+03 -9.01599461e+01 
 1.77827941e+03  8.98198109e+01 
 1.81970086e+03 -9.01834088e+01 
 1.86208714e+03 -9.01727152e+01 
 1.90546072e+03  8.98099252e+01 
 1.94984460e+03  8.98204635e+01 
 1.99526231e+03 -9.01774715e+01 
 2.04173794e+03  8.97993325e+01 
 2.08929613e+03  8.98096241e+01 
 2.13796209e+03 -9.02221351e+01 
 2.18776162e+03 -9.01840413e+01 
 2.23872114e+03  8.97980094e+01 
 2.29086765e+03 -9.02060438e+01 
 2.34422882e+03 -9.02381680e+01 
 2.39883292e+03  8.97785700e+01 
 2.45470892e+03  8.97672328e+01 
 2.51188643e+03  1.79804753e+02 
 2.57039578e+03 -9.02417594e+01 
 2.63026799e+03  8.97395986e+01 
 2.69153480e+03 -9.02092107e+01 
 2.75422870e+03  8.97859162e+01 
 2.81838293e+03 -9.02563724e+01 
 2.88403150e+03 -9.02633402e+01 
 2.95120923e+03 -9.02751745e+01 
 3.01995172e+03 -9.02747044e+01 
 3.09029543e+03  8.97248237e+01 
 3.16227766e+03 -9.02831027e+01 
 3.23593657e+03  0.00000000e+00 
 3.31131121e+03  8.96866622e+01 
 3.38844156e+03  8.96868840e+01 
 3.46736850e+03 -9.03068169e+01 
 3.54813389e+03  8.96682545e+01 
 3.63078055e+03 -9.03381695e+01 
 3.71535229e+03 -9.03447431e+01 
 3.80189396e+03  8.96485303e+01 
 3.89045145e+03 -9.03770040e+01 
 3.98107171e+03  8.96346032e+01 
 4.07380278e+03  8.95714427e+01 
 4.16869383e+03  8.96280131e+01 
 4.26579519e+03  8.96012819e+01 
 4.36515832e+03 -9.04092390e+01 
 4.46683592e+03 -9.03472010e+01 
 4.57088190e+03  8.95887589e+01 
 4.67735141e+03 -9.04754694e+01 
 4.78630092e+03 -9.04419731e+01 
 4.89778819e+03  8.95409685e+01 
 5.01187234e+03  8.95265059e+01 
 5.12861384e+03 -9.04785714e+01 
 5.24807460e+03  8.95473138e+01 
 5.37031796e+03  8.94706689e+01 
 5.49540874e+03 -9.06509587e+01 
 5.62341325e+03 -9.05490031e+01 
 5.75439937e+03 -9.05312077e+01 
 5.88843655e+03 -9.05696021e+01 
 6.02559586e+03 -9.05802628e+01 
 6.16595002e+03 -9.05631954e+01 
 6.30957344e+03 -9.05899009e+01 
 6.45654229e+03  8.93862421e+01 
 6.60693448e+03 -9.05135413e+01 
 6.76082975e+03 -9.05926461e+01 
 6.91830971e+03 -9.06403228e+01 
 7.07945784e+03 -9.06341969e+01 
 7.24435960e+03 -9.06190371e+01 
 7.41310241e+03 -9.07627084e+01 
 7.58577575e+03  8.92760933e+01 
 7.76247117e+03  1.79396647e+02 
 7.94328235e+03  8.92706883e+01 
 8.12830516e+03 -9.07756649e+01 
 8.31763771e+03 -9.08143596e+01 
 8.51138038e+03 -9.07734648e+01 
 8.70963590e+03  8.92391031e+01 
 8.91250938e+03  8.91953595e+01 
 9.12010839e+03 -9.08580767e+01 
 9.33254301e+03 -9.08652615e+01 
 9.54992586e+03  1.79257726e+02 
 9.77237221e+03 -9.09833726e+01 
 1.00000000e+04  8.90884606e+01 
 1.02329299e+04 -9.10191657e+01 
 1.04712855e+04  1.79186121e+02 
 1.07151931e+04  8.89993071e+01 
 1.09647820e+04 -9.10760418e+01 
 1.12201845e+04 -9.10958902e+01 
 1.14815362e+04  8.88837993e+01 
 1.17489755e+04  8.88630159e+01 
 1.20226443e+04  8.88603994e+01 
 1.23026877e+04 -9.11054107e+01 
 1.25892541e+04 -9.12022828e+01 
 1.28824955e+04  8.88196914e+01 
 1.31825674e+04  0.00000000e+00 
 1.34896288e+04 -9.13170108e+01 
 1.38038426e+04 -9.17442593e+01 
 1.41253754e+04  8.86783497e+01 
 1.44543977e+04  8.86807595e+01 
 1.47910839e+04  8.85859298e+01 
 1.51356125e+04  8.85998517e+01 
 1.54881662e+04 -9.15170644e+01 
 1.58489319e+04 -9.14555727e+01 
 1.62181010e+04 -9.14842561e+01 
 1.65958691e+04 -9.15136071e+01 
 1.69824365e+04  8.83817566e+01 
 1.73780083e+04  8.82018224e+01 
 1.77827941e+04  8.83195756e+01 
 1.81970086e+04  8.81381944e+01 
 1.86208714e+04 -9.17082318e+01 
 1.90546072e+04 -1.48081471e+00 
 1.94984460e+04 -1.51529336e+00 
 1.99526231e+04  8.84494259e+01 
 2.04173794e+04  8.81895139e+01 
 2.08929613e+04  8.81525726e+01 
 2.13796209e+04 -9.19598302e+01 
 2.18776162e+04  8.78522888e+01 
 2.23872114e+04 -9.20753899e+01 
 2.29086765e+04  8.79512521e+01 
 2.34422882e+04  8.79098107e+01 
 2.39883292e+04  8.79121673e+01 
 2.45470892e+04  8.76449728e+01 
 2.51188643e+04 -9.25784602e+01 
 2.57039578e+04  8.76148216e+01 
 2.63026799e+04 -9.24633710e+01 
 2.69153480e+04  8.74610862e+01 
 2.75422870e+04 -9.26220174e+01 
 2.81838293e+04  0.00000000e+00 
 2.88403150e+04  8.73116473e+01 
 2.95120923e+04 -9.27404979e+01 
 3.01995172e+04 -9.30176442e+01 
 3.09029543e+04  8.70023551e+01 
 3.16227766e+04  8.72075877e+01 
 3.23593657e+04 -9.29614730e+01 
 3.31131121e+04  1.77427654e+02 
 3.38844156e+04 -2.63219033e+00 
 3.46736850e+04  8.68589623e+01 
 3.54813389e+04  1.77243923e+02 
 3.63078055e+04 -9.33423975e+01 
 3.71535229e+04 -9.33333932e+01 
 3.80189396e+04  8.64875945e+01 
 3.89045145e+04 -9.38048572e+01 
 3.98107171e+04  8.60129982e+01 
 4.07380278e+04 -9.31637190e+01 
 4.16869383e+04 -3.23727550e+00 
 4.26579519e+04  8.59201561e+01 
 4.36515832e+04 -9.33895383e+01 
 4.46683592e+04 -9.42143202e+01 
 4.57088190e+04  8.55558943e+01 
 4.67735141e+04 -9.40790194e+01 
 4.78630092e+04 -9.42529181e+01 
 4.89778819e+04 -9.44735215e+01 
 5.01187234e+04  0.00000000e+00 
 5.12861384e+04 -9.48759849e+01 
 5.24807460e+04  8.51129289e+01 
 5.37031796e+04  8.49369726e+01 
 5.49540874e+04 -9.65016037e+01 
 5.62341325e+04 -9.51469194e+01 
 5.75439937e+04 -4.46491275e+00 
 5.88843655e+04  1.75431468e+02 
 6.02559586e+04  1.75325463e+02 
 6.16595002e+04  0.00000000e+00 
 6.30957344e+04  8.36143363e+01 
 6.45654229e+04  8.37990962e+01 
 6.60693448e+04 -9.63170027e+01 
 6.76082975e+04 -9.63611941e+01 
 6.91830971e+04  8.34427421e+01 
 7.07945784e+04 -9.63832184e+01 
 7.24435960e+04  8.39372171e+01 
 7.41310241e+04 -9.75351141e+01 
 7.58577575e+04 -9.73103094e+01 
 7.76247117e+04 -9.75060039e+01 
 7.94328235e+04  8.20566684e+01 
 8.12830516e+04  8.37042462e+01 
 8.31763771e+04  8.17687583e+01 
 8.51138038e+04  8.16198657e+01 
 8.70963590e+04  8.20640074e+01 
 8.91250938e+04 -9.77934168e+01 
 9.12010839e+04  8.15998583e+01 
 9.33254301e+04  8.09896866e+01 
 9.54992586e+04  8.08231138e+01 
 9.77237221e+04  8.10105892e+01 
 1.00000000e+05  8.07341590e+01 
 1.02329299e+05  8.05240975e+01 
 1.04712855e+05  7.83319331e+01 
 1.07151931e+05 -9.97696872e+01 
 1.09647820e+05 -1.00079358e+02 
 1.12201845e+05 -1.00154736e+02 
 1.14815362e+05  7.93480864e+01 
 1.17489755e+05  7.88891403e+01 
 1.20226443e+05 -1.01063340e+02 
 1.23026877e+05 -1.03062364e+02 
 1.25892541e+05 -1.01493253e+02 
 1.28824955e+05  7.82846268e+01 
 1.31825674e+05 -1.05508309e+02 
 1.34896288e+05 -1.03960836e+02 
 1.38038426e+05  7.58020531e+01 
 1.41253754e+05  7.73461756e+01 
 1.44543977e+05  7.62047213e+01 
 1.47910839e+05 -1.13644806e+01 
 1.51356125e+05 -1.05199279e+02 
 1.54881662e+05  7.45366695e+01 
 1.58489319e+05  1.67843264e+02 
 1.62181010e+05  7.49651733e+01 
 1.65958691e+05  7.49003718e+01 
 1.69824365e+05  7.41364982e+01 
 1.73780083e+05 -1.06361089e+02 
 1.77827941e+05 -1.05980251e+02 
 1.81970086e+05  7.33472064e+01 
 1.86208714e+05  7.31035159e+01 
 1.90546072e+05  7.29122400e+01 
 1.94984460e+05 -1.07243055e+02 
 1.99526231e+05  7.48106874e+01 
 2.04173794e+05 -1.09104646e+02 
 2.08929613e+05  7.05494591e+01 
 2.13796209e+05 -1.09803426e+02 
 2.18776162e+05  6.98366036e+01 
 2.23872114e+05  7.04896409e+01 
 2.29086765e+05  6.94915473e+01 
 2.34422882e+05 -1.10394165e+02 
 2.39883292e+05 -1.11675931e+02 
 2.45470892e+05  6.08840212e+01 
 2.51188643e+05 -1.12476984e+02 
 2.57039578e+05  6.65169150e+01 
 2.63026799e+05  6.66912735e+01 
 2.69153480e+05  6.62637189e+01 
 2.75422870e+05 -1.14171709e+02 
 2.81838293e+05 -1.14615066e+02 
 2.88403150e+05  6.49335949e+01 
 2.95120923e+05 -1.16238591e+02 
 3.01995172e+05  6.40067947e+01 
 3.09029543e+05  6.27393172e+01 
 3.16227766e+05  6.12681078e+01 
 3.23593657e+05  5.55124693e+01 
 3.31131121e+05  6.56321579e+01 
 3.38844156e+05  6.08348759e+01 
 3.46736850e+05 -1.19562693e+02 
 3.54813389e+05 -2.59166865e+01 
 3.63078055e+05  5.81949373e+01 
 3.71535229e+05 -1.20566212e+02 
 3.80189396e+05  5.71056093e+01 
 3.89045145e+05  5.83284170e+01 
 3.98107171e+05  5.55006433e+01 
 4.07380278e+05  6.07676604e+01 
 4.16869383e+05 -1.25168415e+02 
 4.26579519e+05  5.60231453e+01 
 4.36515832e+05 -1.20996023e+02 
 4.46683592e+05 -1.28723997e+02 
 4.57088190e+05  5.16752347e+01 
 4.67735141e+05  5.35969408e+01 
 4.78630092e+05  5.14466188e+01 
 4.89778819e+05  5.23410963e+01 
 5.01187234e+05 -1.31845624e+02 
 5.12861384e+05  4.92790337e+01 
 5.24807460e+05 -1.29592304e+02 
 5.37031796e+05  4.97507841e+01 
 5.49540874e+05  5.08744363e+01 
 5.62341325e+05  4.62853560e+01 
 5.75439937e+05  4.41971526e+01 
 5.88843655e+05  4.46963972e+01 
 6.02559586e+05 -4.00405137e+01 
 6.16595002e+05  4.45074771e+01 
 6.30957344e+05  4.14534217e+01 
 6.45654229e+05 -1.39243285e+02 
 6.60693448e+05  4.18254690e+01 
 6.76082975e+05 -1.40647591e+02 
 6.91830971e+05 -1.41354584e+02 
 7.07945784e+05 -1.42064392e+02 
 7.24435960e+05 -1.40415326e+02 
 7.41310241e+05 -1.43491194e+02 
 7.58577575e+05  0.00000000e+00 
 7.76247117e+05 -1.44925459e+02 
 7.94328235e+05  3.25997633e+01 
 8.12830516e+05 -1.53275866e+02 
 8.31763771e+05  3.37978248e+01 
 8.51138038e+05 -1.48685909e+02 
 8.70963590e+05  3.14729116e+01 
 8.91250938e+05  1.27877369e+02 
 9.12010839e+05 -1.49967574e+02 
 9.33254301e+05 -1.50686576e+02 
 9.54992586e+05  3.57206473e+01 
 9.77237221e+05 -1.53526424e+02 
 1.00000000e+06 -1.52835225e+02 
 1.02329299e+06 -1.52369608e+02 
 1.04712855e+06 -1.50709351e+02 
 1.07151931e+06  2.15395586e+01 
 1.09647820e+06 -1.54256419e+02 
 1.12201845e+06 -5.92479211e+01 
 1.14815362e+06 -1.53523201e+02 
 1.17489755e+06  2.22325110e+01 
 1.20226443e+06 -1.58459576e+02 
 1.23026877e+06 -1.58138465e+02 
 1.25892541e+06 -1.59832543e+02 
 1.28824955e+06  1.25756421e+01 
 1.31825674e+06  1.88103836e+01 
 1.34896288e+06  0.00000000e+00 
 1.38038426e+06  1.74701577e+01 
 1.41253754e+06  1.68066028e+01 
 1.44543977e+06  1.61475215e+01 
 1.47910839e+06  0.00000000e+00 
 1.51356125e+06 -1.72068221e+02 
 1.54881662e+06 -1.65802346e+02 
 1.58489319e+06  1.63928006e+01 
 1.62181010e+06  1.29208679e+01 
 1.65958691e+06  1.46508172e+01 
 1.69824365e+06  1.16626478e+01 
 1.73780083e+06  8.70315282e+00 
 1.77827941e+06  1.27842141e+01 
 1.81970086e+06  8.05410106e+00 
 1.86208714e+06 -1.73136191e+02 
 1.90546072e+06 -1.64278096e+02 
 1.94984460e+06  7.99698476e+00 
 1.99526231e+06  7.40132219e+00 
 2.04173794e+06 -1.72405369e+02 
 2.08929613e+06 -1.74782751e+02 
 2.13796209e+06  4.23305047e+00 
 2.18776162e+06  0.00000000e+00 
 2.23872114e+06 -2.42816960e+00 
 2.29086765e+06  3.91059516e+00 
 2.34422882e+06 -7.95334267e+01 
 2.39883292e+06 -4.13542809e+00 
 2.45470892e+06  3.62759461e+00 
 2.51188643e+06 -1.78346481e+02 
 2.57039578e+06  1.09668064e+00 
 2.63026799e+06  5.42491550e-01 
 2.69153480e+06  1.77653476e+02 
 2.75422870e+06 -2.31426666e+00 
 2.81838293e+06 -8.01712999e+00 
 2.88403150e+06 -3.98854355e+00 
 2.95120923e+06 -3.75615220e+00 
 3.01995172e+06 -1.68486788e+02 
 3.09029543e+06 -5.28260984e+00 
 3.16227766e+06 -1.07281231e+01 
 3.23593657e+06  1.73307337e+02 
 3.31131121e+06  1.73701219e+02 
 3.38844156e+06 -8.92476210e+00 
 3.46736850e+06  1.15818164e+00 
 3.54813389e+06 -9.50302743e+00 
 3.63078055e+06  1.71787929e+02 
 3.71535229e+06 -9.91406112e+00 
 3.80189396e+06 -1.04513255e+01 
 3.89045145e+06  8.84730694e+01 
 3.98107171e+06 -9.19074900e+00 
 4.07380278e+06 -1.39155546e+01 
 4.16869383e+06  1.58418239e+02 
 4.26579519e+06  1.64366307e+02 
 4.36515832e+06 -1.67627560e+01 
 4.46683592e+06 -1.88165653e+01 
 4.57088190e+06 -1.00924922e+01 
 4.67735141e+06 -1.30047641e+01 
 4.78630092e+06  8.35667738e+01 
 4.89778819e+06 -1.71141697e+01 
 5.01187234e+06 -7.54877434e+00 
 5.12861384e+06 -1.52362817e+01 
 5.24807460e+06 -8.67717986e+00 
 5.37031796e+06  1.44188224e+02 
 5.49540874e+06 -1.92824293e+01 
 5.62341325e+06 -2.44337727e+01 
 5.75439937e+06  1.54984563e+02 
 5.88843655e+06  1.51735458e+02 
 6.02559586e+06 -2.61922839e+01 
 6.16595002e+06 -2.84602518e+01 
 6.30957344e+06 -3.00514533e+01 
 6.45654229e+06  1.58916971e+02 
 6.60693448e+06 -1.04569208e+02 
 6.76082975e+06 -3.10051684e+01 
 6.91830971e+06  1.47492269e+02 
 7.07945784e+06  1.36998034e+02 
 7.24435960e+06 -3.30168210e+01 
 7.41310241e+06 -1.71147125e+02 
 7.58577575e+06  1.41084632e+02 
 7.76247117e+06  1.34421935e+02 
 7.94328235e+06  1.46290367e+02 
 8.12830516e+06 -4.35391776e+01 
 8.31763771e+06 -4.15707787e+01 
 8.51138038e+06 -4.01308983e+01 
 8.70963590e+06 -3.18466704e+01 
 8.91250938e+06  1.34300101e+02 
 9.12010839e+06  1.29651845e+02 
 9.33254301e+06  1.32886492e+02 
 9.54992586e+06 -5.17767830e+01 
 9.77237221e+06 -5.25024886e+01 
 1.00000000e+07 -4.72268636e+01 
 1.02329299e+07 -4.79679682e+01 
 1.04712855e+07  1.42376889e+02 
 1.07151931e+07 -5.82751965e+01 
 1.09647820e+07  1.23753048e+02 
 1.12201845e+07  1.28989787e+02 
 1.14815362e+07 -3.12342350e+01 
 1.17489755e+07  1.21412864e+02 
 1.20226443e+07  0.00000000e+00 
 1.23026877e+07  1.19813949e+02 
 1.25892541e+07 -6.09970179e+01 
 1.28824955e+07 -6.18155739e+01 
 1.31825674e+07 -5.78779987e+01 
 1.34896288e+07  1.04430116e+02 
 1.38038426e+07 -3.77508814e+01 
 1.41253754e+07 -7.22889595e+01 
 1.44543977e+07  1.10289580e+02 
 1.47910839e+07 -7.40060860e+01 
 1.51356125e+07  1.12250096e+02 
 1.54881662e+07 -8.70603285e+01 
 1.58489319e+07  1.05052337e+02 
 1.62181010e+07  1.06424588e+02 
 1.65958691e+07 -7.84149654e+01 
 1.69824365e+07  1.00684745e+02 
 1.73780083e+07 -7.85365836e+01 
 1.77827941e+07  8.75572705e+01 
 1.81970086e+07  6.82054890e+01 
 1.86208714e+07 -8.79412886e+01 
 1.90546072e+07  9.29218408e+01 
 1.94984460e+07 -9.61396798e+01 
 1.99526231e+07 -9.07353142e+01 
 2.04173794e+07 -1.04355701e+02 
 2.08929613e+07 -9.89594573e+01 
 2.13796209e+07 -1.44907118e+02 
 2.18776162e+07  0.00000000e+00 
 2.23872114e+07 -9.74139488e+01 
 2.29086765e+07  1.22229929e+02 
 2.34422882e+07  8.06684195e+01 
 2.39883292e+07 -9.65629763e+01 
 2.45470892e+07 -1.05658233e+02 
 2.51188643e+07  8.46843952e+01 
 2.57039578e+07  5.39702641e+01 
 2.63026799e+07 -1.04167078e+02 
 2.69153480e+07  7.48603694e+01 
 2.75422870e+07 -1.06113554e+02 
 2.81838293e+07 -9.74511360e+01 
 2.88403150e+07 -1.08649453e+02 
 2.95120923e+07  6.65594550e+01 
 3.01995172e+07 -1.11405494e+02 
 3.09029543e+07 -1.13548987e+02 
 3.16227766e+07 -1.10035168e+02 
 3.23593657e+07  5.88314793e+01 
 3.31131121e+07  6.16662578e+01 
 3.38844156e+07 -1.24507573e+02 
 3.46736850e+07 -1.20292555e+02 
 3.54813389e+07 -1.02836940e+02 
 3.63078055e+07  1.27489352e+01 
 3.71535229e+07 -1.04795063e+02 
 3.80189396e+07 -1.50773718e+02 
 3.89045145e+07 -1.25186972e+02 
 3.98107171e+07 -1.14854944e+02 
 4.07380278e+07  3.88214207e+01 
 4.16869383e+07 -1.39429243e+02 
 4.26579519e+07  5.09042351e+01 
 4.36515832e+07  3.14933825e+01 
 4.46683592e+07  3.89450264e+01 
 4.57088190e+07 -1.37216144e+02 
 4.67735141e+07 -1.38190238e+02 
 4.78630092e+07 -1.30602792e+02 
 4.89778819e+07  3.10217324e+01 
 5.01187234e+07  2.56509506e+01 
 5.12861384e+07 -1.46347780e+02 
 5.24807460e+07 -2.85607008e+00 
 5.37031796e+07  2.27391430e+01 
 5.49540874e+07  1.75205060e+02 
 5.62341325e+07  0.00000000e+00 
 5.75439937e+07  1.58894332e+01 
 5.88843655e+07  8.23031964e+01 
 6.02559586e+07 -8.66219020e+00 
 6.16595002e+07  1.69385198e+01 
 6.30957344e+07  2.75674668e+01 
 6.45654229e+07  2.53180978e+01 
 6.60693448e+07 -1.55642670e+02 
 6.76082975e+07  3.15280279e+01 
 6.91830971e+07  1.09260157e+02 
 7.07945784e+07  1.48701646e+01 
 7.24435960e+07 -1.51340938e+02 
 7.41310241e+07  1.63962905e+01 
 7.58577575e+07 -1.53244650e+02 
 7.76247117e+07  1.60806593e+02 
 7.94328235e+07 -1.69883451e+02 
 8.12830516e+07  5.48112527e+00 
 8.31763771e+07  8.64096081e+01 
 8.51138038e+07 -1.51623753e+02 
 8.70963590e+07  0.00000000e+00 
 8.91250938e+07 -1.78266877e+02 
 9.12010839e+07 -1.65955317e+02 
 9.33254301e+07 -1.21149887e-01 
 9.54992586e+07 -1.77351203e+02 
 9.77237221e+07 -1.18524971e+02 
 1.00000000e+08 -1.69632382e+02 
 1.02329299e+08 -1.65346341e+02 
 1.04712855e+08  1.07373258e+01 
 1.07151931e+08 -1.73488528e+02 
 1.09647820e+08 -4.70776764e+01 
 1.12201845e+08 -1.74639514e+02 
 1.14815362e+08 -1.12047254e+00 
 1.17489755e+08  1.70879019e+02 
 1.20226443e+08 -9.99008758e+00 
 1.23026877e+08 -1.61107670e+02 
 1.25892541e+08 -5.23094128e+01 
 1.28824955e+08 -1.29121587e+02 
 1.31825674e+08  1.40100183e+01 
 1.34896288e+08 -6.73610409e+01 
 1.38038426e+08  1.74216159e+02 
 1.41253754e+08  0.00000000e+00 
 1.44543977e+08  1.74446292e+02 
 1.47910839e+08 -1.03583893e+01 
 1.51356125e+08 -2.53377547e+01 
 1.54881662e+08  1.54933059e+02 
 1.58489319e+08 -4.99729477e+01 
 1.62181010e+08 -4.25196163e-01 
 1.65958691e+08  1.64089708e+02 
 1.69824365e+08  4.13392287e+01 
 1.73780083e+08  4.06039635e+01 
 1.77827941e+08  2.57472505e+00 
 1.81970086e+08 -7.05538381e+00 
 1.86208714e+08  1.68614540e+02 
 1.90546072e+08 -7.23606730e+00 
 1.94984460e+08  1.72670427e+02 
 1.99526231e+08 -9.81273249e+00 
 2.04173794e+08 -1.30709422e+01 
 2.08929613e+08  1.02981362e+02 
 2.13796209e+08  1.40157873e+02 
 2.18776162e+08  1.60304471e+02 
 2.23872114e+08 -2.50111870e+01 
 2.29086765e+08  3.25894588e+01 
 2.34422882e+08  1.10939832e+02 
 2.39883292e+08 -4.52841895e+01 
 2.45470892e+08  1.48339682e+02 
 2.51188643e+08 -1.17695224e+01 
 2.57039578e+08  1.33743953e+02 
 2.63026799e+08  1.09237813e+02 
 2.69153480e+08  1.55501165e+02 
 2.75422870e+08  1.31723487e+02 
 2.81838293e+08  5.15606217e+01 
 2.88403150e+08  1.49103092e+02 
 2.95120923e+08  1.47871717e+02 
 3.01995172e+08 -5.57409909e+01 
 3.09029543e+08 -4.08446527e+00 
 3.16227766e+08  1.08077434e+02 
 3.23593657e+08 -3.49886201e+01 
 3.31131121e+08 -8.74835862e+01 
 3.38844156e+08 -8.28082258e+01 
 3.46736850e+08  6.21342599e+01 
 3.54813389e+08 -5.48371989e+01 
 3.63078055e+08 -2.61423608e+01 
 3.71535229e+08 -5.91838560e+01 
 3.80189396e+08  7.87270869e+00 
 3.89045145e+08 -1.58457651e+02 
 3.98107171e+08 -5.47782758e+01 
 4.07380278e+08  1.29273208e+02 
 4.16869383e+08  6.55005961e+01 
 4.26579519e+08  8.36073497e+01 
 4.36515832e+08 -1.60146416e+02 
 4.46683592e+08  1.36109108e+02 
 4.57088190e+08  8.08779219e-01 
 4.67735141e+08 -5.70112462e+01 
 4.78630092e+08  1.86703148e+01 
 4.89778819e+08  1.53397054e+02 
 5.01187234e+08 -5.51681146e+01 
 5.12861384e+08 -1.58130766e+01 
 5.24807460e+08 -7.23699808e+01 
 5.37031796e+08  1.52391643e+02 
 5.49540874e+08  3.55967297e+01 
 5.62341325e+08 -7.30596466e+01 
 5.75439937e+08  1.70162231e+02 
 5.88843655e+08  1.06522492e+02 
 6.02559586e+08 -8.77103355e+01 
 6.16595002e+08 -5.54275931e+01 
 6.30957344e+08  1.57297264e+02 
 6.45654229e+08 -7.42153169e+01 
 6.60693448e+08  6.06202247e+01 
 6.76082975e+08 -1.11014173e+01 
 6.91830971e+08  6.84449522e+01 
 7.07945784e+08 -7.48261858e+01 
 7.24435960e+08 -1.15245801e+01 
 7.41310241e+08  1.68349716e+02 
 7.58577575e+08 -4.54584672e+01 
 7.76247117e+08 -1.79350167e+02 
 7.94328235e+08 -3.04170047e+01 
 8.12830516e+08  1.20432762e+02 
 8.31763771e+08  8.59642003e+01 
 8.51138038e+08 -2.81921410e+01 
 8.70963590e+08  1.67679752e+02 
 8.91250938e+08  7.44337256e+01 
 9.12010839e+08 -3.08803103e+01 
 9.33254301e+08 -1.14591784e+02 
 9.54992586e+08  4.05886392e+01 
 9.77237221e+08 -8.79022989e+01 
 1.00000000e+09 -1.14703488e+02 
