 1.00000000e+00 -1.99770873e-36 -2.34833468e-29 
 1.02329299e+00 -5.70737913e-35 -6.26222580e-29 
 1.04712855e+00 -1.41371079e-34 -4.69666935e-29 
 1.07151931e+00  1.09150774e-34  3.91389113e-29 
 1.09647820e+00 -1.07514772e-35  7.82778226e-30 
 1.12201845e+00 -7.45063636e-35 -3.91389113e-29 
 1.14815362e+00 -5.62361616e-35 -3.13111290e-29 
 1.17489755e+00  3.24186696e-35  1.56555645e-29 
 1.20226443e+00 -1.06044469e-35 -1.56555645e-29 
 1.23026877e+00 -6.34553121e-35 -1.56555645e-29 
 1.25892541e+00 -5.19151220e-35 -3.91389113e-29 
 1.28824955e+00 -1.03228602e-34 -5.47944758e-29 
 1.31825674e+00  6.34617628e-35  3.13111290e-29 
 1.34896288e+00  2.05802377e-35  2.34833468e-29 
 1.38038426e+00 -5.19846862e-35 -7.82778226e-30 
 1.41253754e+00  7.50018080e-35  3.91389113e-29 
 1.44543977e+00  9.91442893e-35  3.91389113e-29 
 1.47910839e+00  3.81027715e-35  7.82778226e-30 
 1.51356125e+00 -4.47909294e-35  9.19714568e-41 
 1.54881662e+00 -3.13778792e-35 -7.82778226e-30 
 1.58489319e+00 -1.70070862e-34 -5.47944758e-29 
 1.62181010e+00 -6.65984683e-35 -2.34833468e-29 
 1.65958691e+00  1.76238882e-35  7.82778226e-30 
 1.69824365e+00  2.98606196e-35 -6.87957812e-41 
 1.73780083e+00  1.70448098e-34  4.69666935e-29 
 1.77827941e+00  5.26989826e-35  1.56555645e-29 
 1.81970086e+00  6.85090378e-35  1.56555645e-29 
 1.86208714e+00 -2.12673587e-34 -7.82778226e-29 
 1.90546072e+00 -1.36339896e-34 -4.69666935e-29 
 1.94984460e+00  1.95510725e-34  6.26222580e-29 
 1.99526231e+00  8.47542958e-35  3.13111290e-29 
 2.04173794e+00 -2.90046050e-34 -9.39333871e-29 
 2.08929613e+00 -1.77497285e-34 -6.26222580e-29 
 2.13796209e+00  3.77576764e-34  1.09588952e-28 
 2.18776162e+00  2.98606196e-35 -8.86261343e-41 
 2.23872114e+00 -1.54817123e-34 -3.13111290e-29 
 2.29086765e+00  9.73109517e-35  3.13111290e-29 
 2.34422882e+00  1.79227042e-34  4.69666935e-29 
 2.39883292e+00 -2.12566852e-34 -4.69666935e-29 
 2.45470892e+00  1.34131183e-34  3.13111290e-29 
 2.51188643e+00 -2.04839934e-34 -4.69666935e-29 
 2.57039578e+00 -1.09184684e-34 -3.13111290e-29 
 2.63026799e+00 -5.58639608e-35 -1.56555645e-29 
 2.69153480e+00  1.88981948e-34  3.13111290e-29 
 2.75422870e+00 -4.26856529e-34 -7.82778226e-29 
 2.81838293e+00  6.58176290e-34  1.40900081e-28 
 2.88403150e+00 -6.24401708e-34 -1.25244516e-28 
 2.95120923e+00  4.02983833e-34  7.82778226e-29 
 3.01995172e+00  5.68425341e-34  1.09588952e-28 
 3.09029543e+00 -7.75786788e-34 -1.56555645e-28 
 3.16227766e+00 -2.31350379e-34 -4.69666935e-29 
 3.23593657e+00  1.11149071e-33  2.19177903e-28 
 3.31131121e+00 -7.52399517e-34 -1.40900081e-28 
 3.38844156e+00 -7.19667224e-35 -1.56555645e-29 
 3.46736850e+00 -1.21016632e-33 -2.19177903e-28 
 3.54813389e+00 -3.31294258e-34 -6.26222580e-29 
 3.63078055e+00  5.52264253e-34  9.39333871e-29 
 3.71535229e+00 -1.34362414e-33 -2.19177903e-28 
 3.80189396e+00  4.72295061e-34  6.26222580e-29 
 3.89045145e+00  1.36582828e-33  2.19177903e-28 
 3.98107171e+00  8.25731308e-34  1.25244516e-28 
 4.07380278e+00 -6.38580663e-34 -9.39333871e-29 
 4.16869383e+00 -1.77285512e-33 -2.81800161e-28 
 4.26579519e+00  4.81845421e-34  6.26222580e-29 
 4.36515832e+00  2.45143435e-34  3.13111290e-29 
 4.46683592e+00  0.00000000e+00  0.00000000e+00 
 4.57088190e+00  1.40385020e-33  1.87866774e-28 
 4.67735141e+00  9.14176328e-34  1.25244516e-28 
 4.78630092e+00  9.32688058e-34  1.25244516e-28 
 4.89778819e+00  1.15967811e-33  1.56555645e-28 
 5.01187234e+00  2.72614405e-34  3.13111290e-29 
 5.12861384e+00 -2.16086535e-33 -2.50489032e-28 
 5.24807460e+00 -5.97212391e-35  4.25198577e-40 
 5.37031796e+00  2.28119137e-34  3.13111290e-29 
 5.49540874e+00 -3.39840496e-33 -3.75733548e-28 
 5.62341325e+00 -2.98591300e-34 -3.13111290e-29 
 5.75439937e+00  2.67767645e-33  2.81800161e-28 
 5.88843655e+00  1.73965092e-33  1.87866774e-28 
 6.02559586e+00  2.15000460e-33  2.19177903e-28 
 6.16595002e+00 -2.89473347e-33 -2.81800161e-28 
 6.30957344e+00 -4.85634659e-33 -4.69666935e-28 
 6.45654229e+00 -3.73350965e-33 -3.44422419e-28 
 6.60693448e+00  1.64212421e-33  1.56555645e-28 
 6.76082975e+00 -4.45005959e-33 -4.07044677e-28 
 6.91830971e+00 -4.24314738e-33 -3.75733548e-28 
 7.07945784e+00 -4.81996701e-34 -6.26222580e-29 
 7.24435960e+00 -5.26367931e-33 -4.38355806e-28 
 7.41310241e+00 -4.73424463e-33 -3.75733548e-28 
 7.58577575e+00 -3.93892333e-33 -3.13111290e-28 
 7.76247117e+00  4.01397960e-33  3.13111290e-28 
 7.94328235e+00  6.74825858e-34  6.26222580e-29 
 8.12830516e+00 -3.93049277e-33 -3.13111290e-28 
 8.31763771e+00 -1.65214380e-33 -1.25244516e-28 
 8.51138038e+00 -2.40815176e-33 -1.87866774e-28 
 8.70963590e+00 -1.19442478e-34  1.41130798e-39 
 8.91250938e+00 -8.12837085e-33 -5.63600322e-28 
 9.12010839e+00 -2.92162365e-33 -1.87866774e-28 
 9.33254301e+00 -3.09520862e-33 -1.87866774e-28 
 9.54992586e+00  1.86152321e-33  1.25244516e-28 
 9.77237221e+00 -4.62885581e-33 -3.13111290e-28 
 1.00000000e+01  7.75198319e-33  5.00978064e-28 
 1.02329299e+01  0.00000000e+00  0.00000000e+00 
 1.04712855e+01  1.19354957e-32  6.88844838e-28 
 1.07151931e+01  6.89519995e-33  3.75733548e-28 
 1.09647820e+01  4.68161581e-33  2.50489032e-28 
 1.12201845e+01  5.72162413e-33  3.13111290e-28 
 1.14815362e+01  1.50693113e-32  8.14089354e-28 
 1.17489755e+01  1.43665366e-32  7.51467096e-28 
 1.20226443e+01  1.26027522e-33  6.26222580e-29 
 1.23026877e+01  3.61331442e-33  1.87866774e-28 
 1.25892541e+01  2.85570869e-33  1.25244516e-28 
 1.28824955e+01  2.38884956e-34 -4.17495495e-39 
 1.31825674e+01  1.08705369e-32  5.00978064e-28 
 1.34896288e+01  6.01738466e-33  2.50489032e-28 
 1.38038426e+01  5.64639157e-33  2.50489032e-28 
 1.41253754e+01 -2.40005786e-33 -1.25244516e-28 
 1.44543977e+01 -2.93373230e-33 -1.25244516e-28 
 1.47910839e+01 -8.97281703e-33 -3.75733548e-28 
 1.51356125e+01  6.09895648e-33  2.50489032e-28 
 1.54881662e+01  4.06492085e-33  1.25244516e-28 
 1.58489319e+01  9.98980727e-33  3.75733548e-28 
 1.62181010e+01  9.22244518e-33  3.75733548e-28 
 1.65958691e+01  7.07295395e-33  2.50489032e-28 
 1.69824365e+01 -1.05675923e-32 -3.75733548e-28 
 1.73780083e+01 -1.07692283e-32 -3.75733548e-28 
 1.77827941e+01 -2.94274196e-32 -1.00195613e-27 
 1.81970086e+01  1.11867000e-32  3.75733548e-28 
 1.86208714e+01 -2.96110687e-32 -1.00195613e-27 
 1.90546072e+01 -1.58169753e-32 -5.00978064e-28 
 1.94984460e+01  2.89242536e-32  8.76711612e-28 
 1.99526231e+01  5.82480384e-33  2.50489032e-28 
 2.04173794e+01  1.67431758e-32  5.00978064e-28 
 2.08929613e+01  4.57381815e-32  1.37768968e-27 
 2.13796209e+01 -1.28089833e-32 -3.75733548e-28 
 2.18776162e+01  1.03011185e-32  2.50489032e-28 
 2.23872114e+01 -5.71491501e-33 -1.25244516e-28 
 2.29086765e+01  4.95055975e-32  1.37768968e-27 
 2.34422882e+01  2.96318665e-32  7.51467096e-28 
 2.39883292e+01 -1.00628457e-32 -2.50489032e-28 
 2.45470892e+01 -3.58845365e-32 -8.76711612e-28 
 2.51188643e+01 -4.08325665e-32 -1.00195613e-27 
 2.57039578e+01 -4.36738734e-33 -1.25244516e-28 
 2.63026799e+01  3.89281366e-32  8.76711611e-28 
 2.69153480e+01  2.76437789e-32  6.26222580e-28 
 2.75422870e+01 -5.63527967e-32 -1.25244516e-27 
 2.81838293e+01  3.25546292e-32  7.51467095e-28 
 2.88403150e+01  1.15205501e-31  2.50489032e-27 
 2.95120923e+01  2.38798856e-32  5.00978063e-28 
 3.01995172e+01  5.06052599e-32  1.00195613e-27 
 3.09029543e+01  1.29859125e-31  2.50489032e-27 
 3.16227766e+01  1.91107965e-33 -8.19863930e-38 
 3.23593657e+01  9.22636458e-32  1.75342322e-27 
 3.31131121e+01 -5.45656765e-32 -1.00195613e-27 
 3.38844156e+01  6.71287761e-32  1.25244516e-27 
 3.46736850e+01  8.40748784e-32  1.50293419e-27 
 3.54813389e+01 -3.17590096e-32 -5.00978063e-28 
 3.63078055e+01  7.31574637e-32  1.25244516e-27 
 3.71535229e+01 -9.10421813e-32 -1.50293419e-27 
 3.80189396e+01 -1.11459625e-31 -1.75342322e-27 
 3.89045145e+01  7.75695601e-32  1.25244516e-27 
 3.98107171e+01 -7.91092987e-32 -1.25244516e-27 
 4.07380278e+01 -4.91753733e-32 -7.51467094e-28 
 4.16869383e+01  6.81310609e-32  1.00195613e-27 
 4.26579519e+01 -3.66365539e-32 -5.00978062e-28 
 4.36515832e+01  1.86559349e-32  2.50489031e-28 
 4.46683592e+01  1.14008748e-31  1.50293419e-27 
 4.57088190e+01  1.93550292e-32  2.50489031e-28 
 4.67735141e+01 -1.57734690e-31 -2.00391225e-27 
 4.78630092e+01 -6.02612124e-32 -7.51467093e-28 
 4.89778819e+01  9.85074871e-32  1.25244515e-27 
 5.01187234e+01 -2.46757718e-32 -2.50489031e-28 
 5.12861384e+01 -1.06251630e-31 -1.25244515e-27 
 5.24807460e+01  3.24844202e-31  3.75733546e-27 
 5.37031796e+01 -1.10358451e-31 -1.25244515e-27 
 5.49540874e+01  1.72329892e-31  2.00391225e-27 
 5.62341325e+01 -2.21673322e-31 -2.50489031e-27 
 5.75439937e+01 -2.88166925e-31 -3.00586836e-27 
 5.88843655e+01 -4.76647439e-32 -5.00978061e-28 
 6.02559586e+01  8.95495601e-32  1.00195612e-27 
 6.16595002e+01 -7.64431856e-33  6.39442899e-37 
 6.30957344e+01  1.59225249e-31  1.50293418e-27 
 6.45654229e+01  5.91701608e-32  5.00978059e-28 
 6.60693448e+01 -2.17836216e-31 -2.00391224e-27 
 6.76082975e+01  3.29207807e-31  3.00586836e-27 
 6.91830971e+01  1.71636973e-31  1.50293418e-27 
 7.07945784e+01 -3.57489670e-31 -3.00586835e-27 
 7.24435960e+01  1.78284912e-31  1.50293418e-27 
 7.41310241e+01 -2.97779563e-31 -2.50489029e-27 
 7.58577575e+01 -1.92890477e-31 -1.50293417e-27 
 7.76247117e+01  1.20803027e-31  1.00195612e-27 
 7.94328235e+01 -1.92535478e-31 -1.50293417e-27 
 8.12830516e+01  2.51551534e-31  2.00391223e-27 
 8.31763771e+01  6.31082273e-31  4.50880251e-27 
 8.51138038e+01  4.23525869e-31  3.00586834e-27 
 8.70963590e+01 -5.06093647e-31 -3.50684639e-27 
 8.91250938e+01 -2.72870732e-31 -2.00391223e-27 
 9.12010839e+01 -8.19425026e-31 -5.51075861e-27 
 9.33254301e+01  2.51438845e-31  1.50293416e-27 
 9.54992586e+01 -7.86653026e-31 -5.00978055e-27 
 9.77237221e+01  3.93241414e-31  2.50489027e-27 
 1.00000000e+02  0.00000000e+00  0.00000000e+00 
 1.02329299e+02  8.33073007e-31  5.00978053e-27 
 1.04712855e+02  1.02218498e-30  6.01173663e-27 
 1.07151931e+02  8.81138383e-32  5.00978052e-28 
 1.09647820e+02 -1.72168158e-30 -9.51858298e-27 
 1.12201845e+02 -3.05772738e-32  4.65437910e-36 
 1.14815362e+02 -1.30651144e-30 -7.01369271e-27 
 1.17489755e+02  4.41714075e-31  2.00391219e-27 
 1.20226443e+02  7.75998850e-31  4.00782439e-27 
 1.23026877e+02 -1.97806310e-31 -1.00195610e-27 
 1.25892541e+02 -4.33980422e-31 -2.00391219e-27 
 1.28824955e+02  1.91234269e-30  9.01760484e-27 
 1.31825674e+02  4.19532827e-31  2.00391219e-27 
 1.34896288e+02 -4.27880529e-31 -2.00391218e-27 
 1.38038426e+02 -1.12163396e-30 -5.00978044e-27 
 1.41253754e+02  2.53159169e-31  1.00195608e-27 
 1.44543977e+02  3.05772733e-32 -5.99600171e-36 
 1.47910839e+02 -2.92785340e-31 -1.00195607e-27 
 1.51356125e+02  0.00000000e+00  0.00000000e+00 
 1.54881662e+02 -1.29726259e-30 -5.00978038e-27 
 1.58489319e+02 -1.26062728e-30 -5.00978038e-27 
 1.62181010e+02  2.81605346e-31  1.00195607e-27 
 1.65958691e+02  5.73480608e-31  2.00391213e-27 
 1.69824365e+02  5.83989742e-31  2.00391213e-27 
 1.73780083e+02 -2.97371832e-31 -1.00195606e-27 
 1.77827941e+02  1.45321565e-30  5.00978031e-27 
 1.81970086e+02 -5.55854271e-31 -2.00391213e-27 
 1.86208714e+02 -2.19986148e-30 -7.01369236e-27 
 1.90546072e+02  8.38175849e-31  3.00586818e-27 
 1.94984460e+02  6.07539013e-30  1.90371649e-26 
 1.99526231e+02  2.71213728e-31  1.00195606e-27 
 2.04173794e+02  0.00000000e+00  0.00000000e+00 
 2.08929613e+02 -1.72575090e-30 -5.00978017e-27 
 2.13796209e+02 -7.67768177e-30 -2.20430327e-26 
 2.18776162e+02  1.25906707e-30  3.00586802e-27 
 2.23872114e+02  5.72507246e-30  1.60312964e-26 
 2.29086765e+02  5.21569385e-30  1.40273842e-26 
 2.34422882e+02 -5.31724034e-30 -1.40273842e-26 
 2.39883292e+02  2.44566000e-30  6.01173600e-27 
 2.45470892e+02 -9.11949707e-31 -2.00391196e-27 
 2.51188643e+02 -1.73267862e-30 -4.00782394e-27 
 2.57039578e+02  9.43400064e-31  2.00391194e-27 
 2.63026799e+02  4.18683849e-30  1.00195598e-26 
 2.69153480e+02  3.53840327e-30  8.01564778e-27 
 2.75422870e+02  7.09084798e-30  1.60312955e-26 
 2.81838293e+02  2.66552453e-30  6.01173579e-27 
 2.88403150e+02  7.49546009e-30  1.60312952e-26 
 2.95120923e+02  4.18770838e-30  8.01564741e-27 
 3.01995172e+02  6.14907343e-30  1.20234711e-26 
 3.09029543e+02  1.92485932e-30  4.00782374e-27 
 3.16227766e+02 -2.45323345e-30 -4.00782349e-27 
 3.23593657e+02  7.13647221e-30  1.40273828e-26 
 3.31131121e+02  3.18985249e-30  6.01173539e-27 
 3.38844156e+02 -4.89236292e-31  2.24895964e-34 
 3.46736850e+02  1.18724890e-30  2.00391172e-27 
 3.54813389e+02  9.64587438e-31  2.00391181e-27 
 3.63078055e+02 -1.23167369e-30 -2.00391167e-27 
 3.71535229e+02 -1.65868397e-29 -2.80547635e-26 
 3.80189396e+02  8.70272700e-30  1.40273815e-26 
 3.89045145e+02 -7.81360307e-30 -1.20234696e-26 
 3.98107171e+02 -2.65380595e-30 -4.00782313e-27 
 4.07380278e+02  2.94884334e-30  4.00782294e-27 
 4.16869383e+02 -9.64536616e-30 -1.40273805e-26 
 4.26579519e+02 -1.40430718e-30 -2.00391147e-27 
 4.36515832e+02  6.91198081e-30  1.00195573e-26 
 4.46683592e+02 -1.70183029e-29 -2.40469372e-26 
 4.57088190e+02 -1.48724727e-29 -2.00391137e-26 
 4.67735141e+02 -3.03238358e-30 -4.00782266e-27 
 4.78630092e+02 -2.60238485e-30 -4.00782290e-27 
 4.89778819e+02  2.66300213e-30  4.00782282e-27 
 5.01187234e+02  1.28570702e-29  1.60312896e-26 
 5.12861384e+02 -1.08116972e-29 -1.20234663e-26 
 5.24807460e+02 -7.66386065e-30 -8.01564375e-27 
 5.37031796e+02  3.89839582e-30  4.00782176e-27 
 5.49540874e+02  1.48871657e-29  1.60312873e-26 
 5.62341325e+02 -1.41870851e-29 -1.60312876e-26 
 5.75439937e+02 -1.46770832e-30  1.14578401e-33 
 5.88843655e+02  1.62311813e-29  1.60312855e-26 
 6.02559586e+02  3.76544375e-30  4.00782155e-27 
 6.16595002e+02 -1.20145050e-29 -1.20234639e-26 
 6.30957344e+02 -9.79663705e-30 -8.01564089e-27 
 6.45654229e+02  2.14664855e-29  2.00391044e-26 
 6.60693448e+02 -2.54676271e-29 -2.40469251e-26 
 6.76082975e+02  2.13152404e-29  2.00391037e-26 
 6.91830971e+02  4.74006093e-30  4.00782022e-27 
 7.07945784e+02  1.44830382e-29  1.20234601e-26 
 7.24435960e+02 -2.36082220e-29 -2.00391002e-26 
 7.41310241e+02 -2.71191038e-29 -2.40469208e-26 
 7.58577575e+02  5.10297141e-30  4.00781944e-27 
 7.76247117e+02  2.50167438e-29  2.00390972e-26 
 7.94328235e+02  4.66977016e-29  3.60703721e-26 
 8.12830516e+02 -5.49579914e-29 -4.00781866e-26 
 8.31763771e+02 -4.95080514e-29 -3.60703667e-26 
 8.51138038e+02 -5.04561155e-29 -3.60703644e-26 
 8.70963590e+02 -9.78471474e-31  1.15614202e-33 
 8.91250938e+02  9.69172545e-30  8.01563781e-27 
 9.12010839e+02 -7.12465008e-29 -4.80938091e-26 
 9.33254301e+02 -4.84216946e-29 -3.20625370e-26 
 9.54992586e+02  0.00000000e+00  0.00000000e+00 
 9.77237221e+02 -6.09615829e-29 -4.00781673e-26 
 1.00000000e+03 -3.84936995e-29 -2.40468967e-26 
 1.02329299e+03 -1.95694195e-30  2.71669554e-33 
 1.04712855e+03  1.33437205e-29  8.01563076e-27 
 1.07151931e+03  5.24788643e-29  3.20625227e-26 
 1.09647820e+03  5.55214415e-29  3.20625165e-26 
 1.12201845e+03  1.04977461e-28  5.61093889e-26 
 1.14815362e+03  0.00000000e+00  0.00000000e+00 
 1.17489755e+03  9.23125449e-29  4.80937522e-26 
 1.20226443e+03 -1.30737635e-29 -8.01562861e-27 
 1.23026877e+03  3.06704588e-29  1.60312488e-26 
 1.25892541e+03  1.36899078e-29  8.01562664e-27 
 1.28824955e+03 -4.98541142e-29 -2.40468631e-26 
 1.31825674e+03 -1.43350896e-29 -8.01562448e-27 
 1.34896288e+03 -3.91387857e-30  7.16259506e-33 
 1.38038426e+03  5.28597878e-29  2.40468517e-26 
 1.41253754e+03 -1.88828082e-28 -8.01561409e-26 
 1.44543977e+03  1.49228091e-28  6.41249100e-26 
 1.47910839e+03  1.03904370e-28  4.00780435e-26 
 1.51356125e+03 -8.14909799e-29 -3.20624345e-26 
 1.54881662e+03  2.46699921e-29  8.01559869e-27 
 1.58489319e+03 -8.06798048e-29 -3.20624289e-26 
 1.62181010e+03  0.00000000e+00  0.00000000e+00 
 1.65958691e+03 -1.53724548e-28 -5.61092091e-26 
 1.69824365e+03  6.32291535e-29  2.40468068e-26 
 1.73780083e+03 -2.01386550e-28 -7.21403834e-26 
 1.77827941e+03  1.00833045e-28  3.20623607e-26 
 1.81970086e+03 -1.02634728e-28 -3.20623510e-26 
 1.86208714e+03 -4.83253207e-29 -1.60311803e-26 
 1.90546072e+03  2.12729932e-28  6.41246604e-26 
 1.94984460e+03  1.50701654e-28  4.80935097e-26 
 1.99526231e+03 -2.48280449e-28 -8.01558430e-26 
 2.04173794e+03  1.12292510e-28  3.20622955e-26 
 2.08929613e+03  1.59800077e-28  4.80934575e-26 
 2.13796209e+03 -1.24305604e-28 -3.20622470e-26 
 2.18776162e+03 -1.02988535e-28 -3.20623024e-26 
 2.23872114e+03  1.69549181e-28  4.80933980e-26 
 2.29086765e+03 -4.03553330e-28 -1.12217878e-25 
 2.34422882e+03 -6.66386788e-29 -1.60310930e-26 
 2.39883292e+03  2.47821698e-28  6.41244144e-26 
 2.45470892e+03  1.30255068e-28  3.20621774e-26 
 2.51188643e+03 -1.56553904e-29  5.33491002e-32 
 2.57039578e+03 -5.41147770e-28 -1.28248563e-25 
 2.63026799e+03  7.28594014e-29  1.60310467e-26 
 2.69153480e+03 -1.17072897e-28 -3.20621867e-26 
 2.75422870e+03  1.19799806e-28  3.20621674e-26 
 2.81838293e+03 -6.45588099e-28 -1.44279303e-25 
 2.88403150e+03 -7.36815556e-28 -1.60310201e-25 
 2.95120923e+03 -8.46919507e-28 -1.76341007e-25 
 3.01995172e+03 -5.38027938e-28 -1.12216962e-25 
 3.09029543e+03  6.15945096e-28  1.28247897e-25 
 3.16227766e+03 -2.37632609e-28 -4.80929121e-26 
 3.23593657e+03  0.00000000e+00  0.00000000e+00 
 3.31131121e+03  8.76703744e-29  1.60309179e-26 
 3.38844156e+03  7.88474442e-28  1.44278187e-25 
 3.46736850e+03 -2.57537302e-28 -4.80927277e-26 
 3.54813389e+03  3.71282355e-28  6.41234678e-26 
 3.63078055e+03 -5.67707434e-28 -9.61850905e-26 
 3.71535229e+03 -1.15748498e-27 -1.92369949e-25 
 3.80189396e+03  7.86712726e-28  1.28246471e-25 
 3.89045145e+03 -1.26579976e-27 -1.92369122e-25 
 3.98107171e+03  2.04471244e-28  3.20615313e-26 
 4.07380278e+03  4.79629259e-28  6.41226242e-26 
 4.16869383e+03  1.45711045e-27  2.24430235e-25 
 4.26579519e+03  1.11558379e-27  1.60306751e-25 
 4.36515832e+03 -9.16015275e-28 -1.28245150e-25 
 4.46683592e+03 -1.94288480e-28 -3.20614684e-26 
 4.57088190e+03  1.38074220e-27  1.92367327e-25 
 4.67735141e+03 -2.66064196e-28 -3.20609623e-26 
 4.78630092e+03 -9.89280597e-28 -1.28244189e-25 
 4.89778819e+03  1.28432679e-27  1.60304746e-25 
 5.01187234e+03  1.05983189e-27  1.28243429e-25 
 5.12861384e+03 -1.87459119e-27 -2.24425589e-25 
 5.24807460e+03  1.26656912e-27  1.60304306e-25 
 5.37031796e+03  2.96201700e-28  3.20605099e-26 
 5.49540874e+03 -3.64260765e-28 -3.20599557e-26 
 5.62341325e+03 -9.21625963e-28 -9.61809936e-26 
 5.75439937e+03 -1.18900176e-27 -1.28241432e-25 
 5.88843655e+03 -9.56202495e-28 -9.61804088e-26 
 6.02559586e+03 -6.49397927e-28 -6.41200646e-26 
 6.16595002e+03 -2.52118503e-27 -2.56480437e-25 
 6.30957344e+03 -2.97081808e-27 -2.88538828e-25 
 6.45654229e+03  6.86879302e-28  6.41193834e-26 
 6.60693448e+03 -5.74724452e-28 -6.41202583e-26 
 6.76082975e+03 -1.65812529e-27 -1.60298341e-25 
 6.91830971e+03 -4.29962334e-27 -3.84712229e-25 
 7.07945784e+03 -2.83898685e-27 -2.56474501e-25 
 7.24435960e+03 -1.38555981e-27 -1.28237290e-25 
 7.41310241e+03 -2.56067934e-27 -1.92350645e-25 
 7.58577575e+03  4.05067332e-27  3.20585708e-25 
 7.76247117e+03 -1.25231214e-28  1.31879576e-30 
 7.94328235e+03  1.63235736e-27  1.28233422e-25 
 8.12830516e+03 -6.07634094e-27 -4.48811644e-25 
 8.31763771e+03 -1.82269581e-27 -1.28230506e-25 
 8.51138038e+03 -2.59674319e-27 -1.92346675e-25 
 8.70963590e+03  3.40605612e-27  2.56462035e-25 
 8.91250938e+03  1.80092424e-27  1.28229401e-25 
 9.12010839e+03 -5.76153527e-27 -3.84682353e-25 
 9.33254301e+03 -3.87316783e-27 -2.56453466e-25 
 9.54992586e+03 -1.25224384e-28  1.62238851e-30 
 9.77237221e+03 -2.20090449e-27 -1.28222157e-25 
 1.00000000e+04  5.10032435e-27  3.20559258e-25 
 1.02329299e+04 -6.84296316e-27 -3.84659286e-25 
 1.04712855e+04 -2.50440625e-28  3.55771650e-30 
 1.07151931e+04  4.47924296e-27  2.56437943e-25 
 1.09647820e+04 -6.02058939e-27 -3.20539397e-25 
 1.12201845e+04 -3.67896045e-27 -1.92321457e-25 
 1.14815362e+04  1.24903886e-27  6.41063933e-26 
 1.17489755e+04  3.81685791e-27  1.92316802e-25 
 1.20226443e+04  1.53024597e-26  7.69261356e-25 
 1.23026877e+04 -7.42164390e-27 -3.84631806e-25 
 1.25892541e+04 -1.47985389e-26 -7.05133051e-25 
 1.28824955e+04  1.32072471e-26  6.41029365e-25 
 1.31825674e+04  0.00000000e+00  0.00000000e+00 
 1.34896288e+04 -7.36826648e-27 -3.20495648e-25 
 1.38038426e+04 -1.95168671e-27 -6.40895921e-26 
 1.41253754e+04  8.87290127e-27  3.84587083e-25 
 1.44543977e+04  2.36177066e-26  1.02555659e-24 
 1.47910839e+04  3.48080913e-26  1.41007973e-24 
 1.51356125e+04  9.39956183e-27  3.84564991e-25 
 1.54881662e+04 -1.69737597e-26 -6.40907216e-25 
 1.58489319e+04 -1.30285069e-26 -5.12731414e-25 
 1.62181010e+04 -9.96379214e-27 -3.84539786e-25 
 1.65958691e+04 -3.38689106e-27 -1.28176872e-25 
 1.69824365e+04  1.08628499e-26  3.84509499e-25 
 1.73780083e+04  1.20703920e-26  3.84475606e-25 
 1.77827941e+04  1.12798731e-26  3.84488474e-25 
 1.81970086e+04  8.33136289e-27  2.56301688e-25 
 1.86208714e+04 -2.29322893e-26 -7.68943709e-25 
 1.90546072e+04  1.00131524e-27 -2.58848485e-29 
 1.94984460e+04  5.00642529e-28 -1.32435098e-29 
 1.99526231e+04  3.46920478e-27  1.28160442e-25 
 2.04173794e+04  8.10102155e-27  2.56284678e-25 
 2.08929613e+04  8.26612177e-27  2.56275163e-25 
 2.13796209e+04 -1.31531492e-26 -3.84383303e-25 
 2.18776162e+04  2.88270135e-26  7.68675302e-25 
 2.23872114e+04 -1.85705554e-26 -5.12457478e-25 
 2.29086765e+04  2.29147349e-26  6.40565876e-25 
 2.34422882e+04  4.67551120e-26  1.28107160e-24 
 2.39883292e+04  1.86804987e-26  5.12416516e-25 
 2.45470892e+04  1.05349517e-26  2.56161930e-25 
 2.51188643e+04 -2.88346771e-26 -6.40300703e-25 
 2.57039578e+04  8.00186196e-26  1.92106404e-24 
 2.63026799e+04 -8.81476407e-26 -2.04897088e-24 
 2.69153480e+04  5.67793211e-27  1.28050265e-25 
 2.75422870e+04 -7.62256866e-26 -1.66450492e-24 
 2.81838293e+04  0.00000000e+00  0.00000000e+00 
 2.88403150e+04  3.60681021e-26  7.68140746e-25 
 2.95120923e+04 -8.57872469e-26 -1.79219196e-24 
 3.01995172e+04 -2.69873117e-26 -5.11932144e-25 
 3.09029543e+04  4.02108943e-26  7.67873470e-25 
 3.16227766e+04  4.99430976e-26  1.02394003e-24 
 3.23593657e+04 -5.29627884e-26 -1.02376129e-24 
 3.31131121e+04 -2.00004615e-27  8.98542599e-29 
 3.38844156e+04  1.99986429e-27 -9.19392301e-29 
 3.46736850e+04  8.42454889e-26  1.53518513e-24 
 3.54813389e+04 -1.99947458e-27  9.62542306e-29 
 3.63078055e+04 -8.96324454e-26 -1.53474681e-24 
 3.71535229e+04 -1.48975995e-26 -2.55777302e-25 
 3.80189396e+04  6.27843020e-26  1.02287966e-24 
 3.89045145e+04 -6.80037098e-26 -1.02253413e-24 
 3.98107171e+04  5.34388398e-26  7.66710551e-25 
 4.07380278e+04 -1.41363346e-26 -2.55752474e-25 
 4.16869383e+04  3.99558299e-27 -2.25995437e-28 
 4.26579519e+04  1.27560046e-25  1.78837614e-24 
 4.36515832e+04 -1.51410893e-26 -2.55641967e-25 
 4.46683592e+04 -1.12917457e-25 -1.53239950e-24 
 4.57088190e+04  3.96857603e-26  5.10623500e-25 
 4.67735141e+04 -7.28499191e-26 -1.02155404e-24 
 4.78630092e+04 -9.49306856e-26 -1.27656694e-24 
 4.89778819e+04 -7.98708007e-26 -1.02088631e-24 
 5.01187234e+04  0.00000000e+00  0.00000000e+00 
 5.12861384e+04 -1.74055085e-25 -2.04031294e-24 
 5.24807460e+04  2.39838544e-25  2.80503286e-24 
 5.37031796e+04  2.71014461e-25  3.05894973e-24 
 5.49540874e+04 -5.79846377e-26 -5.08798020e-25 
 5.62341325e+04 -3.67227908e-25 -4.07699848e-24 
 5.75439937e+04  7.96912071e-27 -6.22273216e-28 
 5.88843655e+04 -7.96694065e-27  6.36601066e-28 
 6.02559586e+04 -7.96465908e-27  6.51250825e-28 
 6.16595002e+04  0.00000000e+00  0.00000000e+00 
 6.30957344e+04  1.70655084e-25  1.52486860e-24 
 6.45654229e+04  1.65690775e-25  1.52498545e-24 
 6.60693448e+04 -1.68752787e-25 -1.52439602e-24 
 6.76082975e+04 -2.26526383e-25 -2.03195090e-24 
 6.91830971e+04  3.50163579e-25  3.04627718e-24 
 7.07945784e+04 -1.13604040e-25 -1.01548775e-24 
 7.24435960e+04  1.07891852e-25  1.01581377e-24 
 7.41310241e+04 -6.69951905e-26 -5.06480215e-25 
 7.58577575e+04 -3.24909993e-25 -2.53270338e-24 
 7.76247117e+04 -2.00095179e-25 -1.51864405e-24 
 7.94328235e+04  7.05540625e-26  5.05646488e-25 
 8.12830516e+04  5.59455164e-26  5.07092698e-25 
 8.31763771e+04  1.46113918e-25  1.01005869e-24 
 8.51138038e+04  1.48697853e-25  1.00940152e-24 
 8.70963590e+04  4.22372001e-25  3.02988896e-24 
 8.91250938e+04 -1.38222797e-25 -1.00991401e-24 
 9.12010839e+04  2.97771121e-25  2.01646759e-24 
 9.33254301e+04  3.98990523e-25  2.51619557e-24 
 9.54992586e+04  8.12331227e-26  5.02833644e-25 
 9.77237221e+04  3.97725225e-25  2.51414547e-24 
 1.00000000e+05  5.73602966e-25  3.51592694e-24 
 1.02329299e+05  1.34004428e-24  8.02853044e-24 
 1.04712855e+05  1.03005417e-25  4.98794148e-25 
 1.07151931e+05 -1.03499336e-24 -6.01093106e-24 
 1.09647820e+05 -8.89207406e-25 -5.00241990e-24 
 1.12201845e+05 -1.07438212e-24 -5.99835059e-24 
 1.14815362e+05  3.75335991e-25  1.99558839e-24 
 1.17489755e+05  1.36908403e-24  6.97128528e-24 
 1.20226443e+05 -1.94624101e-25 -9.95378045e-25 
 1.23026877e+05 -2.29433594e-25 -9.88874199e-25 
 1.25892541e+05 -4.03711762e-25 -1.98550342e-24 
 1.28824955e+05  4.11154034e-25  1.98270856e-24 
 1.31825674e+05 -2.71586005e-25 -9.78756308e-25 
 1.34896288e+05 -4.88595867e-25 -1.96537309e-24 
 1.38038426e+05  2.48188624e-25  9.80979699e-25 
 1.41253754e+05  2.21178528e-25  9.85147802e-25 
 1.44543977e+05  4.81443836e-25  1.96078568e-24 
 1.47910839e+05  3.08701094e-26 -6.20459301e-27 
 1.51356125e+05 -2.64463304e-25 -9.73435073e-25 
 1.54881662e+05  5.37422792e-25  1.94271128e-24 
 1.58489319e+05 -3.07006220e-26  6.61344752e-27 
 1.62181010e+05  2.86782696e-24  1.06769123e-23 
 1.65958691e+05  7.84514017e-25  2.90761322e-24 
 1.69824365e+05  1.37110389e-24  4.82496083e-24 
 1.73780083e+05 -1.97634383e-24 -6.73191615e-24 
 1.77827941e+05 -8.26398565e-25 -2.88574801e-24 
 1.81970086e+05  3.72422766e-24  1.24507583e-23 
 1.86208714e+05  2.32137855e-24  7.64224245e-24 
 1.90546072e+05  2.05064391e-24  6.67079254e-24 
 1.94984460e+05 -3.54111047e-24 -1.14091222e-23 
 1.99526231e+05  5.20471360e-25  1.91706608e-24 
 2.04173794e+05 -3.25232069e-25 -9.38967911e-25 
 2.08929613e+05  1.65192077e-24  4.67770902e-24 
 2.13796209e+05 -1.67799281e-24 -4.65992995e-24 
 2.18776162e+05  2.04524047e-24  5.56977850e-24 
 2.23872114e+05  2.30564309e-24  6.50719604e-24 
 2.29086765e+05  3.10568730e-24  8.30280368e-24 
 2.34422882e+05 -1.36971408e-24 -3.68419846e-24 
 2.39883292e+05 -7.25064253e-25 -1.82423630e-24 
 2.45470892e+05  9.67916972e-25  1.73786288e-24 
 2.51188643e+05 -2.24195443e-24 -5.41871259e-24 
 2.57039578e+05  4.66624040e-24  1.07402881e-23 
 2.63026799e+05  5.38929305e-24  1.25085540e-23 
 2.69153480e+05  3.90646355e-24  8.88388344e-24 
 2.75422870e+05 -1.58548764e-24 -3.53253407e-24 
 2.81838293e+05 -3.21697213e-24 -7.02159783e-24 
 2.88403150e+05  2.44734134e-24  5.23249883e-24 
 2.95120923e+05 -4.24781068e-24 -8.61803383e-24 
 3.01995172e+05  2.51678175e-24  5.16172080e-24 
 3.09029543e+05  7.87393711e-24  1.52811935e-23 
 3.16227766e+05  1.83309238e-24  3.34379178e-24 
 3.23593657e+05  1.08991532e-24  1.58657622e-24 
 3.31131121e+05  7.77844137e-25  1.71730927e-24 
 3.38844156e+05  4.58976733e-24  8.22417273e-24 
 3.46736850e+05 -5.55404738e-24 -9.79173106e-24 
 3.54813389e+05  2.09551352e-25 -1.01828098e-25 
 3.63078055e+05  3.93030553e-24  6.33768342e-24 
 3.71535229e+05 -1.88354171e-24 -3.18918590e-24 
 3.80189396e+05  8.03010217e-24  1.24153131e-23 
 3.89045145e+05  3.85451884e-24  6.24792694e-24 
 3.98107171e+05  1.14174173e-23  1.66128449e-23 
 4.07380278e+05  8.85896486e-25  1.58302634e-24 
 4.16869383e+05 -1.25289992e-23 -1.77817911e-23 
 4.26579519e+05  8.04192696e-24  1.19330423e-23 
 4.36515832e+05 -9.19442576e-25 -1.53045002e-24 
 4.46683592e+05 -1.00727703e-23 -1.25620867e-23 
 4.57088190e+05  7.70473021e-24  9.74721561e-24 
 4.67735141e+05  4.17214513e-24  5.65832745e-24 
 4.78630092e+05  7.63489808e-24  9.58004819e-24 
 4.89778819e+05  2.12022998e-24  2.74732742e-24 
 5.01187234e+05 -2.31299762e-24 -2.58280501e-24 
 5.12861384e+05  8.95445904e-24  1.04028166e-23 
 5.24807460e+05 -8.66420407e-24 -1.04760882e-23 
 5.37031796e+05  4.35946348e-24  5.14974914e-24 
 5.49540874e+05  4.21906674e-24  5.18683040e-24 
 5.62341325e+05  1.15122594e-23  1.20407286e-23 
 5.75439937e+05  4.75190575e-24  4.62056696e-24 
 5.88843655e+05  1.39837609e-23  1.38363445e-23 
 6.02559586e+05  3.09402869e-25 -2.59992872e-25 
 6.16595002e+05  6.87992322e-24  6.76264681e-24 
 6.30957344e+05  1.43914713e-23  1.27116562e-23 
 6.45654229e+05 -4.80316208e-24 -4.13965024e-24 
 6.60693448e+05  9.32824632e-24  8.34787919e-24 
 6.76082975e+05 -2.40427253e-24 -1.97154956e-24 
 6.91830971e+05 -4.80787060e-24 -3.84431628e-24 
 7.07945784e+05 -2.40246331e-24 -1.87266576e-24 
 7.24435960e+05 -6.93824652e-24 -5.73669139e-24 
 7.41310241e+05 -4.79218851e-24 -3.54717295e-24 
 7.58577575e+05  0.00000000e+00  0.00000000e+00 
 7.76247117e+05 -4.77030754e-24 -3.34946259e-24 
 7.94328235e+05  9.74856350e-24  6.23440971e-24 
 8.12830516e+05 -2.60016835e-24 -1.30912104e-24 
 8.31763771e+05  1.86577736e-23  1.24892650e-23 
 8.51138038e+05 -1.90162511e-23 -1.15684683e-23 
 8.70963590e+05  4.67632155e-24  2.86261329e-24 
 8.91250938e+05 -2.06073830e-25  2.64929304e-25 
 9.12010839e+05 -1.84945497e-23 -1.06917936e-23 
 9.33254301e+05 -9.18847059e-24 -5.15916028e-24 
 9.54992586e+05  4.18653821e-24  3.01062115e-24 
 9.77237221e+05 -1.15062744e-23 -5.73019263e-24 
 1.00000000e+06 -1.79778766e-23 -9.22540598e-24 
 1.02329299e+06 -2.64039003e-23 -1.38214643e-23 
 1.04712855e+06 -8.50772319e-24 -4.77248603e-24 
 1.07151931e+06  9.07654575e-24  3.58258750e-24 
 1.09647820e+06 -4.27534546e-23 -2.06159143e-23 
 1.12201845e+06  2.97230481e-25 -4.99558271e-25 
 1.14815362e+06 -8.21150210e-24 -4.08995301e-24 
 1.17489755e+06  2.10153531e-23  8.59012051e-24 
 1.20226443e+06 -2.90910894e-23 -1.14830011e-23 
 1.23026877e+06 -2.84968969e-23 -1.14334624e-23 
 1.25892541e+06 -3.24648781e-23 -1.19238184e-23 
 1.28824955e+06  4.24391934e-24  9.46734197e-25 
 1.31825674e+06  1.18692864e-23  4.04303517e-24 
 1.34896288e+06  0.00000000e+00  0.00000000e+00 
 1.38038426e+06  2.69604316e-23  8.48515572e-24 
 1.41253754e+06  1.51920107e-23  4.58864885e-24 
 1.44543977e+06  2.62075948e-23  7.58798687e-24 
 1.47910839e+06  0.00000000e+00  0.00000000e+00 
 1.51356125e+06 -3.80886760e-24 -5.30677492e-25 
 1.54881662e+06 -2.50536029e-23 -6.33844448e-24 
 1.58489319e+06  1.72998839e-23  5.08927072e-24 
 1.62181010e+06  1.73384064e-23  3.97767188e-24 
 1.65958691e+06  1.00912432e-23  2.63813165e-24 
 1.69824365e+06  3.35571170e-24  6.92653319e-25 
 1.73780083e+06  1.00290210e-23  1.53522066e-24 
 1.77827941e+06  9.60769242e-24  2.18003064e-24 
 1.81970086e+06  2.57359958e-23  3.64174262e-24 
 1.86208714e+06 -9.50672656e-24 -1.14434798e-24 
 1.90546072e+06 -2.97191436e-24 -8.36593498e-25 
 1.94984460e+06  6.04238578e-24  8.48877676e-25 
 1.99526231e+06  2.37295264e-23  3.08248422e-24 
 2.04173794e+06 -2.61161333e-23 -3.48214535e-24 
 2.08929613e+06 -2.00829248e-23 -1.83378573e-24 
 2.13796209e+06  2.81879067e-23  2.08633876e-24 
 2.18776162e+06  0.00000000e+00  0.00000000e+00 
 2.23872114e+06  5.52894935e-24 -2.34454789e-25 
 2.29086765e+06  1.05780220e-23  7.23102405e-25 
 2.34422882e+06  1.17033227e-25 -6.33517231e-25 
 2.39883292e+06  5.19096527e-24 -3.75319418e-25 
 2.45470892e+06  2.48040663e-23  1.57253328e-24 
 2.51188643e+06 -9.76101602e-24 -2.81774780e-25 
 2.57039578e+06  1.91254926e-23  3.66119800e-25 
 2.63026799e+06  1.40505147e-23  1.33037954e-25 
 2.69153480e+06 -4.14938168e-23  1.70031242e-24 
 2.75422870e+06  1.80304257e-23 -7.28673570e-25 
 2.81838293e+06  8.90995118e-24 -1.25492856e-24 
 2.88403150e+06  2.59332014e-23 -1.80821540e-24 
 2.95120923e+06  3.80162349e-23 -2.49581528e-24 
 3.01995172e+06 -4.04587577e-24 -8.24114346e-25 
 3.09029543e+06  2.83182623e-23 -2.61833701e-24 
 3.16227766e+06  1.59087634e-23 -3.01408026e-24 
 3.23593657e+06 -1.16130738e-23  1.36271493e-24 
 3.31131121e+06 -1.89139003e-23  2.08770675e-24 
 3.38844156e+06  2.96253598e-23 -4.65232589e-24 
 3.46736850e+06  7.21180167e-24  1.45799817e-25 
 3.54813389e+06  4.95197748e-23 -8.28945818e-24 
 3.63078055e+06 -4.14797458e-23  5.98624359e-24 
 3.71535229e+06  1.01348610e-23 -1.77137950e-24 
 3.80189396e+06  4.95189683e-23 -9.13429223e-24 
 3.89045145e+06  2.15920406e-26  8.10017115e-25 
 3.98107171e+06  1.89376032e-23 -3.06408463e-24 
 4.07380278e+06  1.53701520e-23 -3.80815658e-24 
 4.16869383e+06 -8.93865214e-24  3.53577166e-24 
 4.26579519e+06 -3.80740313e-23  1.06545998e-23 
 4.36515832e+06  2.57110068e-23 -7.74437779e-24 
 4.46683592e+06  5.56326066e-24 -1.89568343e-24 
 4.57088190e+06  1.65423464e-23 -2.94440432e-24 
 4.67735141e+06  2.14596649e-23 -4.95623351e-24 
 4.78630092e+06  2.99631663e-25  2.65736417e-24 
 4.89778819e+06  3.55814444e-23 -1.09559147e-23 
 5.01187234e+06  1.01623475e-23 -1.34670029e-24 
 5.12861384e+06  1.95168554e-23 -5.31588558e-24 
 5.24807460e+06  4.85642988e-24 -7.41158777e-25 
 5.37031796e+06 -4.36085635e-24  3.14651154e-24 
 5.49540874e+06  1.35191970e-23 -4.72970164e-24 
 5.62341325e+06  4.32727562e-24 -1.96601565e-24 
 5.75439937e+06 -2.10872769e-23  9.84007629e-24 
 5.88843655e+06 -2.03282025e-23  1.09293873e-23 
 6.02559586e+06  4.80569704e-23 -2.36389227e-23 
 6.16595002e+06  3.09801782e-23 -1.67930468e-23 
 6.30957344e+06  3.75303198e-23 -2.17131013e-23 
 6.45654229e+06 -7.64999655e-24  2.94928498e-24 
 6.60693448e+06 -2.50575655e-25 -9.64098541e-25 
 6.76082975e+06  5.21589933e-23 -3.13466891e-23 
 6.91830971e+06 -1.68340538e-23  1.07276687e-23 
 7.07945784e+06 -3.06339088e-24  2.85685479e-24 
 7.24435960e+06  2.24097559e-23 -1.45624211e-23 
 7.41310241e+06 -3.97407227e-24 -6.18974758e-25 
 7.58577575e+06 -2.34370793e-23  1.89217207e-23 
 7.76247117e+06 -8.11209157e-24  8.27745347e-24 
 7.94328235e+06 -5.80849384e-24  3.87519498e-24 
 8.12830516e+06  1.83306891e-23 -1.74190114e-23 
 8.31763771e+06  1.04042437e-23 -9.22783516e-24 
 8.51138038e+06  7.71756965e-24 -6.50591343e-24 
 8.70963590e+06  8.08705876e-24 -5.02331319e-24 
 8.91250938e+06 -1.39370317e-23  1.42817567e-23 
 9.12010839e+06 -8.59375027e-24  1.03689417e-23 
 9.33254301e+06 -1.30682158e-23  1.40697257e-23 
 9.54992586e+06  8.02040618e-24 -1.01836244e-23 
 9.77237221e+06  3.87158980e-24 -5.04600784e-24 
 1.00000000e+07  2.42956616e-23 -2.62616159e-23 
 1.02329299e+07  7.83760127e-24 -8.69475779e-24 
 1.04712855e+07 -6.48015477e-24  4.99455632e-24 
 1.07151931e+07  1.27487339e-23 -2.06219857e-23 
 1.09647820e+07 -3.22270829e-24  4.82256843e-24 
 1.12201845e+07 -1.36964110e-23  1.69198245e-23 
 1.14815362e+07  8.56060415e-24 -5.19147986e-24 
 1.17489755e+07 -2.29292096e-23  3.75451182e-23 
 1.20226443e+07  0.00000000e+00  0.00000000e+00 
 1.23026877e+07 -2.64098123e-24  4.60881097e-24 
 1.25892541e+07  7.59590298e-24 -1.37016898e-23 
 1.28824955e+07  4.85050896e-24 -9.05206821e-24 
 1.31825674e+07  1.29338466e-23 -2.06007411e-23 
 1.34896288e+07 -7.08984062e-24  2.75529746e-23 
 1.38038426e+07  3.45655688e-24 -2.67643735e-24 
 1.41253754e+07  4.71880846e-24 -1.47761500e-23 
 1.44543977e+07 -1.01997221e-23  2.75888504e-23 
 1.47910839e+07  4.14164484e-24 -1.44494246e-23 
 1.51356125e+07 -3.47585148e-24  8.49607200e-24 
 1.54881662e+07  1.17302753e-24 -2.28428728e-23 
 1.58489319e+07 -4.87969637e-24  1.81449604e-23 
 1.62181010e+07 -8.94790691e-24  3.03542811e-23 
 1.65958691e+07  2.80118973e-24 -1.36644513e-23 
 1.69824365e+07 -7.64847672e-24  4.05375773e-23 
 1.73780083e+07  3.52546667e-24 -1.73850336e-23 
 1.77827941e+07  6.70687185e-25  1.57218637e-23 
 1.81970086e+07  3.03773221e-24  7.59698300e-24 
 1.86208714e+07  8.30496811e-25 -2.31035211e-23 
 1.90546072e+07 -9.08208567e-25  1.77940573e-23 
 1.94984460e+07 -3.19250705e-24 -2.96785043e-23 
 1.99526231e+07 -2.85436131e-25 -2.22400015e-23 
 2.04173794e+07 -5.44657767e-24 -2.12813147e-23 
 2.08929613e+07 -3.73216536e-24 -2.36723650e-23 
 2.13796209e+07 -5.48015150e-24 -3.85049792e-24 
 2.18776162e+07  0.00000000e+00  0.00000000e+00 
 2.23872114e+07 -3.89239582e-24 -2.99127694e-23 
 2.29086765e+07 -1.72534220e-24  2.73662564e-24 
 2.34422882e+07  4.78299341e-24  2.91073915e-23 
 2.39883292e+07 -5.42604009e-24 -4.71627962e-23 
 2.45470892e+07 -9.56193044e-24 -3.41130907e-23 
 2.51188643e+07  1.03510696e-24  1.11251700e-23 
 2.57039578e+07  4.03437018e-24  5.54677816e-24 
 2.63026799e+07 -6.85230457e-24 -2.71456223e-23 
 2.69153480e+07  7.24047272e-24  2.67607755e-23 
 2.75422870e+07 -7.62039221e-24 -2.63780455e-23 
 2.81838293e+07 -2.23070700e-24 -1.70562940e-23 
 2.88403150e+07 -9.93530291e-24 -2.94380806e-23 
 2.95120923e+07  2.28107948e-23  5.26104626e-23 
 3.01995172e+07 -1.40942153e-23 -3.59540491e-23 
 3.09029543e+07 -2.49320082e-23 -5.72058905e-23 
 3.16227766e+07 -6.18809332e-24 -1.69692316e-23 
 3.23593657e+07  1.53883466e-23  2.54407147e-23 
 3.31131121e+07  2.04790373e-23  3.79800995e-23 
 3.38844156e+07 -1.21723722e-23 -1.77058976e-23 
 3.46736850e+07 -1.16798734e-23 -1.99936711e-23 
 3.54813389e+07 -1.34494135e-24 -5.90216541e-24 
 3.63078055e+07  5.23950837e-24  1.18547734e-24 
 3.71535229e+07 -1.52184424e-24 -5.76195937e-24 
 3.80189396e+07 -7.29892712e-24 -4.08362741e-24 
 3.89045145e+07 -6.41716176e-24 -9.10129948e-24 
 3.98107171e+07 -3.94810972e-24 -8.52301783e-24 
 4.07380278e+07  1.17472348e-23  9.45225239e-24 
 4.16869383e+07 -1.40598647e-23 -1.20383195e-23 
 4.26579519e+07  4.54483216e-24  5.59325939e-24 
 4.36515832e+07  9.64604906e-24  5.90957412e-24 
 4.46683592e+07  2.38405853e-23  1.92678805e-23 
 4.57088190e+07 -1.42907552e-23 -1.32259069e-23 
 4.67735141e+07 -1.44090925e-23 -1.28876340e-23 
 4.78630092e+07 -1.92579291e-23 -2.24663957e-23 
 4.89778819e+07  2.43821488e-23  1.46628630e-23 
 5.01187234e+07  9.76454956e-24  4.68906928e-24 
 5.12861384e+07 -3.44377785e-23 -2.29256746e-23 
 5.24807460e+07  9.53692473e-24 -4.75789116e-25 
 5.37031796e+07  1.95486408e-23  8.19307012e-24 
 5.49540874e+07 -4.68837371e-24  3.93276751e-25 
 5.62341325e+07  0.00000000e+00  0.00000000e+00 
 5.75439937e+07  2.89781602e-23  8.24886839e-24 
 5.88843655e+07  3.08068991e-25  2.27948513e-24 
 6.02559586e+07  4.51336957e-24 -6.87594764e-25 
 6.16595002e+07  1.45360169e-23  4.42705639e-24 
 6.30957344e+07  3.54730123e-23  1.85192034e-23 
 6.45654229e+07  1.00781140e-23  4.76779789e-24 
 6.60693448e+07 -2.01507463e-23 -9.12269495e-24 
 6.76082975e+07  1.05790377e-23  6.48996320e-24 
 6.91830971e+07 -2.58783952e-24  7.40621592e-24 
 7.07945784e+07  2.89712812e-23  7.69250997e-24 
 7.24435960e+07 -1.59284254e-23 -8.70577174e-24 
 7.41310241e+07  1.46707618e-23  4.31680792e-24 
 7.58577575e+07 -1.06176098e-23 -5.35295931e-24 
 7.76247117e+07 -1.57384394e-23  5.47867380e-24 
 7.94328235e+07 -2.82284556e-23 -5.03666615e-24 
 8.12830516e+07  1.82052515e-23  1.74691364e-24 
 8.31763771e+07  8.02151418e-25  1.27840407e-23 
 8.51138038e+07 -1.12994693e-23 -6.10354760e-24 
 8.70963590e+07  0.00000000e+00  0.00000000e+00 
 8.91250938e+07 -2.63621507e-23 -7.97664298e-25 
 9.12010839e+07 -1.47414102e-23 -3.68765984e-24 
 9.33254301e+07  6.02682111e-23 -1.27435178e-25 
 9.54992586e+07 -2.64314442e-23 -1.22280292e-24 
 9.77237221e+07 -8.99611667e-25 -1.65515792e-24 
 1.00000000e+08 -1.43120662e-23 -2.61839530e-24 
 1.02329299e+08 -5.03984474e-24 -1.31782261e-24 
 1.04712855e+08  2.40630971e-23  4.56300718e-24 
 1.07151931e+08 -2.28900386e-23 -2.61263341e-24 
 1.09647820e+08  4.99072555e-24 -5.36646578e-24 
 1.12201845e+08 -4.96870864e-23 -4.66224210e-24 
 1.14815362e+08  3.75002468e-23 -7.33445888e-25 
 1.17489755e+08 -1.51169815e-23  2.42702616e-24 
 1.20226443e+08  1.11626790e-23 -1.96629031e-24 
 1.23026877e+08 -5.68812627e-24 -1.94663021e-24 
 1.25892541e+08  4.14709247e-24 -5.36753288e-24 
 1.28824955e+08 -1.02388412e-24 -1.25891971e-24 
 1.31825674e+08  2.11183973e-23  5.26933016e-24 
 1.34896288e+08  2.71596880e-24 -6.51221144e-24 
 1.38038426e+08 -3.43549107e-23  3.47985559e-24 
 1.41253754e+08  0.00000000e+00  0.00000000e+00 
 1.44543977e+08 -4.17852293e-23  4.06299539e-24 
 1.47910839e+08  4.22038366e-23 -7.71417497e-24 
 1.51356125e+08  3.37072874e-23 -1.59605444e-23 
 1.54881662e+08 -5.58094179e-24  2.61037850e-24 
 1.58489319e+08  7.31894456e-24 -8.71401953e-24 
 1.62181010e+08  1.63089445e-23 -1.21032090e-25 
 1.65958691e+08 -1.24732015e-23  3.55550729e-24 
 1.69824365e+08  6.60051993e-24  5.80671034e-24 
 1.73780083e+08  4.03982175e-24  3.46303079e-24 
 1.77827941e+08  1.72499748e-23  7.75691734e-25 
 1.81970086e+08  2.12136049e-23 -2.62552048e-24 
 1.86208714e+08 -2.59437632e-23  5.22432913e-24 
 1.90546072e+08  4.88045472e-23 -6.19666303e-24 
 1.94984460e+08 -4.15261707e-23  5.34141195e-24 
 1.99526231e+08  3.92836636e-23 -6.79445750e-24 
 2.04173794e+08  2.43960070e-23 -5.66408767e-24 
 2.08929613e+08 -2.24403120e-24  9.73441317e-24 
 2.13796209e+08 -7.24833929e-24  6.04812301e-24 
 2.18776162e+08 -1.56711947e-23  5.60972034e-24 
 2.23872114e+08  4.20160270e-23 -1.96023835e-23 
 2.29086765e+08  1.27292738e-25  8.13741083e-26 
 2.34422882e+08 -6.14221998e-24  1.60513920e-23 
 2.39883292e+08  2.09397233e-23 -2.11484843e-23 
 2.45470892e+08 -2.33710124e-23  1.44118803e-23 
 2.51188643e+08  2.32834198e-23 -4.85123544e-24 
 2.57039578e+08 -1.11304968e-23  1.16295257e-23 
 2.63026799e+08 -6.40305656e-24  1.83480758e-23 
 2.69153480e+08 -2.56179893e-23  1.16741614e-23 
 2.75422870e+08 -4.03184541e-23  4.52151100e-23 
 2.81838293e+08  1.65645380e-23  2.08697643e-23 
 2.88403150e+08 -7.15493651e-24  4.28161670e-24 
 2.95120923e+08 -2.40278461e-23  1.50891729e-23 
 3.01995172e+08  1.35140885e-23 -1.98413903e-23 
 3.09029543e+08  6.68760163e-24 -4.77550740e-25 
 3.16227766e+08 -2.03821614e-24  6.24425718e-24 
 3.23593657e+08  1.81673242e-23 -1.27155206e-23 
 3.31131121e+08  7.39339549e-25 -1.68230656e-23 
 3.38844156e+08  2.00147083e-24 -1.58615863e-23 
 3.46736850e+08  4.48824022e-24  8.48908138e-24 
 3.54813389e+08  1.21091534e-23 -1.71895016e-23 
 3.63078055e+08  1.37220560e-23 -6.73495048e-24 
 3.71535229e+08  1.45863448e-23 -2.44531528e-23 
 3.80189396e+08  2.25184351e-23  3.11375923e-24 
 3.89045145e+08 -2.51020894e-24 -9.90941469e-25 
 3.98107171e+08  2.51279402e-23 -3.55924677e-23 
 4.07380278e+08 -1.03524006e-23  1.26602355e-23 
 4.16869383e+08  5.93693774e-24  1.30277801e-23 
 4.26579519e+08  6.16683200e-25  5.50422836e-24 
 4.36515832e+08 -6.83996936e-24 -2.46976894e-24 
 4.46683592e+08 -2.29357309e-23  2.20645261e-23 
 4.57088190e+08  1.46794266e-23  2.07226499e-25 
 4.67735141e+08  5.09893455e-24 -7.85504569e-24 
 4.78630092e+08  8.42158835e-24  2.84568808e-24 
 4.89778819e+08 -1.09976933e-23  5.50794186e-24 
 5.01187234e+08  1.26852470e-23 -1.82300222e-23 
 5.12861384e+08  1.44392044e-23 -4.08944254e-24 
 5.24807460e+08  2.46643747e-24 -7.76108521e-24 
 5.37031796e+08 -4.99163016e-24  2.61048831e-24 
 5.49540874e+08  1.00187933e-23  7.17188663e-24 
 5.62341325e+08  1.11049943e-24 -3.64585036e-24 
 5.75439937e+08 -8.21321222e-24  1.42424430e-24 
 5.88843655e+08 -1.03695994e-24  3.49567833e-24 
 6.02559586e+08  5.87453943e-25 -1.46924198e-23 
 6.16595002e+08  6.25892690e-24 -9.08218560e-24 
 6.30957344e+08 -2.01506556e-23  8.43033239e-24 
 6.45654229e+08  2.72260757e-24 -9.63131795e-24 
 6.60693448e+08  2.26372570e-24  4.02078381e-24 
 6.76082975e+08  7.00137150e-24 -1.37379433e-24 
 6.91830971e+08  5.73209170e-24  1.45108627e-23 
 7.07945784e+08  5.19166756e-24 -1.91430853e-23 
 7.24435960e+08  3.26897925e-24 -6.66541926e-25 
 7.41310241e+08 -6.39046116e-24  1.31761907e-24 
 7.58577575e+08  8.06817595e-24 -8.19833952e-24 
 7.76247117e+08 -5.75183380e-24 -6.52384733e-26 
 7.94328235e+08  6.65491961e-24 -3.90707357e-24 
 8.12830516e+08 -9.83808954e-24  1.67466704e-23 
 8.31763771e+08  5.80599563e-25  8.22906785e-24 
 8.51138038e+08  1.82992825e-23 -9.80875772e-24 
 8.70963590e+08 -2.72440450e-23  5.95024907e-24 
 8.91250938e+08  2.63825589e-24  9.47068996e-24 
 9.12010839e+08  1.15775060e-23 -6.92359180e-24 
 9.33254301e+08 -6.21323318e-24 -1.35760215e-23 
 9.54992586e+08  7.74291959e-24  6.63382202e-24 
 9.77237221e+08  7.92184628e-25 -2.16277494e-23 
 1.00000000e+09 -8.74949854e-24 -1.90197239e-23 
