 1.00000000e+00  3.14365925e-08 -3.19216059e-10 
 1.02329299e+00  3.14365925e-08 -3.26651556e-10 
 1.04712855e+00  3.14365925e-08 -3.34260248e-10 
 1.07151931e+00  3.14365925e-08 -3.42046170e-10 
 1.09647820e+00  3.14365925e-08 -3.50013448e-10 
 1.12201845e+00  3.14365924e-08 -3.58166309e-10 
 1.14815362e+00  3.14365924e-08 -3.66509074e-10 
 1.17489755e+00  3.14365924e-08 -3.75046167e-10 
 1.20226443e+00  3.14365924e-08 -3.83782115e-10 
 1.23026877e+00  3.14365924e-08 -3.92721548e-10 
 1.25892541e+00  3.14365923e-08 -4.01869208e-10 
 1.28824955e+00  3.14365923e-08 -4.11229945e-10 
 1.31825674e+00  3.14365923e-08 -4.20808721e-10 
 1.34896288e+00  3.14365923e-08 -4.30610615e-10 
 1.38038426e+00  3.14365923e-08 -4.40640825e-10 
 1.41253754e+00  3.14365922e-08 -4.50904668e-10 
 1.44543977e+00  3.14365922e-08 -4.61407587e-10 
 1.47910839e+00  3.14365922e-08 -4.72155150e-10 
 1.51356125e+00  3.14365921e-08 -4.83153057e-10 
 1.54881662e+00  3.14365921e-08 -4.94407137e-10 
 1.58489319e+00  3.14365921e-08 -5.05923359e-10 
 1.62181010e+00  3.14365920e-08 -5.17707828e-10 
 1.65958691e+00  3.14365920e-08 -5.29766792e-10 
 1.69824365e+00  3.14365920e-08 -5.42106646e-10 
 1.73780083e+00  3.14365919e-08 -5.54733932e-10 
 1.77827941e+00  3.14365919e-08 -5.67655345e-10 
 1.81970086e+00  3.14365918e-08 -5.80877737e-10 
 1.86208714e+00  3.14365918e-08 -5.94408117e-10 
 1.90546072e+00  3.14365917e-08 -6.08253661e-10 
 1.94984460e+00  3.14365917e-08 -6.22421709e-10 
 1.99526231e+00  3.14365916e-08 -6.36919773e-10 
 2.04173794e+00  3.14365916e-08 -6.51755540e-10 
 2.08929613e+00  3.14365915e-08 -6.66936877e-10 
 2.13796209e+00  3.14365915e-08 -6.82471832e-10 
 2.18776162e+00  3.14365914e-08 -6.98368643e-10 
 2.23872114e+00  3.14365913e-08 -7.14635739e-10 
 2.29086765e+00  3.14365913e-08 -7.31281744e-10 
 2.34422882e+00  3.14365912e-08 -7.48315484e-10 
 2.39883292e+00  3.14365911e-08 -7.65745990e-10 
 2.45470892e+00  3.14365910e-08 -7.83582506e-10 
 2.51188643e+00  3.14365910e-08 -8.01834487e-10 
 2.57039578e+00  3.14365909e-08 -8.20511612e-10 
 2.63026799e+00  3.14365908e-08 -8.39623782e-10 
 2.69153480e+00  3.14365907e-08 -8.59181133e-10 
 2.75422870e+00  3.14365906e-08 -8.79194032e-10 
 2.81838293e+00  3.14365905e-08 -8.99673092e-10 
 2.88403150e+00  3.14365904e-08 -9.20629170e-10 
 2.95120923e+00  3.14365903e-08 -9.42073378e-10 
 3.01995172e+00  3.14365901e-08 -9.64017086e-10 
 3.09029543e+00  3.14365900e-08 -9.86471929e-10 
 3.16227766e+00  3.14365899e-08 -1.00944981e-09 
 3.23593657e+00  3.14365897e-08 -1.03296292e-09 
 3.31131121e+00  3.14365896e-08 -1.05702372e-09 
 3.38844156e+00  3.14365894e-08 -1.08164496e-09 
 3.46736850e+00  3.14365893e-08 -1.10683971e-09 
 3.54813389e+00  3.14365891e-08 -1.13262132e-09 
 3.63078055e+00  3.14365889e-08 -1.15900346e-09 
 3.71535229e+00  3.14365887e-08 -1.18600012e-09 
 3.80189396e+00  3.14365886e-08 -1.21362561e-09 
 3.89045145e+00  3.14365884e-08 -1.24189458e-09 
 3.98107171e+00  3.14365881e-08 -1.27082202e-09 
 4.07380278e+00  3.14365879e-08 -1.30042327e-09 
 4.16869383e+00  3.14365877e-08 -1.33071402e-09 
 4.26579519e+00  3.14365875e-08 -1.36171033e-09 
 4.36515832e+00  3.14365872e-08 -1.39342864e-09 
 4.46683592e+00  3.14365869e-08 -1.42588576e-09 
 4.57088190e+00  3.14365867e-08 -1.45909890e-09 
 4.67735141e+00  3.14365864e-08 -1.49308568e-09 
 4.78630092e+00  3.14365861e-08 -1.52786412e-09 
 4.89778819e+00  3.14365857e-08 -1.56345264e-09 
 5.01187234e+00  3.14365854e-08 -1.59987013e-09 
 5.12861384e+00  3.14365851e-08 -1.63713590e-09 
 5.24807460e+00  3.14365847e-08 -1.67526969e-09 
 5.37031796e+00  3.14365843e-08 -1.71429174e-09 
 5.49540874e+00  3.14365839e-08 -1.75422272e-09 
 5.62341325e+00  3.14365835e-08 -1.79508382e-09 
 5.75439937e+00  3.14365831e-08 -1.83689669e-09 
 5.88843655e+00  3.14365826e-08 -1.87968351e-09 
 6.02559586e+00  3.14365821e-08 -1.92346696e-09 
 6.16595002e+00  3.14365816e-08 -1.96827026e-09 
 6.30957344e+00  3.14365811e-08 -2.01411717e-09 
 6.45654229e+00  3.14365805e-08 -2.06103198e-09 
 6.60693448e+00  3.14365800e-08 -2.10903959e-09 
 6.76082975e+00  3.14365793e-08 -2.15816543e-09 
 6.91830971e+00  3.14365787e-08 -2.20843556e-09 
 7.07945784e+00  3.14365780e-08 -2.25987663e-09 
 7.24435960e+00  3.14365774e-08 -2.31251592e-09 
 7.41310241e+00  3.14365766e-08 -2.36638134e-09 
 7.58577575e+00  3.14365759e-08 -2.42150144e-09 
 7.76247117e+00  3.14365751e-08 -2.47790545e-09 
 7.94328235e+00  3.14365742e-08 -2.53562329e-09 
 8.12830516e+00  3.14365733e-08 -2.59468554e-09 
 8.31763771e+00  3.14365724e-08 -2.65512353e-09 
 8.51138038e+00  3.14365715e-08 -2.71696930e-09 
 8.70963590e+00  3.14365705e-08 -2.78025565e-09 
 8.91250938e+00  3.14365694e-08 -2.84501612e-09 
 9.12010839e+00  3.14365683e-08 -2.91128506e-09 
 9.33254301e+00  3.14365672e-08 -2.97909760e-09 
 9.54992586e+00  3.14365659e-08 -3.04848969e-09 
 9.77237221e+00  3.14365647e-08 -3.11949814e-09 
 1.00000000e+01  3.14365634e-08 -3.19216059e-09 
 1.02329299e+01  3.14365620e-08 -3.26651556e-09 
 1.04712855e+01  3.14365605e-08 -3.34260248e-09 
 1.07151931e+01  3.14365590e-08 -3.42046169e-09 
 1.09647820e+01  3.14365574e-08 -3.50013448e-09 
 1.12201845e+01  3.14365557e-08 -3.58166309e-09 
 1.14815362e+01  3.14365540e-08 -3.66509074e-09 
 1.17489755e+01  3.14365521e-08 -3.75046167e-09 
 1.20226443e+01  3.14365502e-08 -3.83782114e-09 
 1.23026877e+01  3.14365482e-08 -3.92721548e-09 
 1.25892541e+01  3.14365461e-08 -4.01869208e-09 
 1.28824955e+01  3.14365439e-08 -4.11229944e-09 
 1.31825674e+01  3.14365416e-08 -4.20808720e-09 
 1.34896288e+01  3.14365392e-08 -4.30610615e-09 
 1.38038426e+01  3.14365367e-08 -4.40640824e-09 
 1.41253754e+01  3.14365340e-08 -4.50904668e-09 
 1.44543977e+01  3.14365313e-08 -4.61407587e-09 
 1.47910839e+01  3.14365284e-08 -4.72155150e-09 
 1.51356125e+01  3.14365253e-08 -4.83153056e-09 
 1.54881662e+01  3.14365221e-08 -4.94407136e-09 
 1.58489319e+01  3.14365188e-08 -5.05923358e-09 
 1.62181010e+01  3.14365153e-08 -5.17707827e-09 
 1.65958691e+01  3.14365117e-08 -5.29766791e-09 
 1.69824365e+01  3.14365078e-08 -5.42106645e-09 
 1.73780083e+01  3.14365038e-08 -5.54733931e-09 
 1.77827941e+01  3.14364996e-08 -5.67655344e-09 
 1.81970086e+01  3.14364952e-08 -5.80877735e-09 
 1.86208714e+01  3.14364906e-08 -5.94408116e-09 
 1.90546072e+01  3.14364858e-08 -6.08253660e-09 
 1.94984460e+01  3.14364808e-08 -6.22421707e-09 
 1.99526231e+01  3.14364755e-08 -6.36919771e-09 
 2.04173794e+01  3.14364700e-08 -6.51755539e-09 
 2.08929613e+01  3.14364642e-08 -6.66936875e-09 
 2.13796209e+01  3.14364581e-08 -6.82471831e-09 
 2.18776162e+01  3.14364518e-08 -6.98368642e-09 
 2.23872114e+01  3.14364451e-08 -7.14635737e-09 
 2.29086765e+01  3.14364382e-08 -7.31281741e-09 
 2.34422882e+01  3.14364309e-08 -7.48315481e-09 
 2.39883292e+01  3.14364233e-08 -7.65745988e-09 
 2.45470892e+01  3.14364153e-08 -7.83582503e-09 
 2.51188643e+01  3.14364069e-08 -8.01834484e-09 
 2.57039578e+01  3.14363981e-08 -8.20511609e-09 
 2.63026799e+01  3.14363890e-08 -8.39623779e-09 
 2.69153480e+01  3.14363794e-08 -8.59181129e-09 
 2.75422870e+01  3.14363693e-08 -8.79194028e-09 
 2.81838293e+01  3.14363588e-08 -8.99673088e-09 
 2.88403150e+01  3.14363477e-08 -9.20629166e-09 
 2.95120923e+01  3.14363362e-08 -9.42073374e-09 
 3.01995172e+01  3.14363241e-08 -9.64017081e-09 
 3.09029543e+01  3.14363114e-08 -9.86471924e-09 
 3.16227766e+01  3.14362982e-08 -1.00944981e-08 
 3.23593657e+01  3.14362843e-08 -1.03296291e-08 
 3.31131121e+01  3.14362697e-08 -1.05702371e-08 
 3.38844156e+01  3.14362545e-08 -1.08164495e-08 
 3.46736850e+01  3.14362386e-08 -1.10683970e-08 
 3.54813389e+01  3.14362219e-08 -1.13262131e-08 
 3.63078055e+01  3.14362044e-08 -1.15900345e-08 
 3.71535229e+01  3.14361861e-08 -1.18600011e-08 
 3.80189396e+01  3.14361669e-08 -1.21362560e-08 
 3.89045145e+01  3.14361468e-08 -1.24189457e-08 
 3.98107171e+01  3.14361258e-08 -1.27082201e-08 
 4.07380278e+01  3.14361038e-08 -1.30042326e-08 
 4.16869383e+01  3.14360807e-08 -1.33071400e-08 
 4.26579519e+01  3.14360566e-08 -1.36171031e-08 
 4.36515832e+01  3.14360313e-08 -1.39342862e-08 
 4.46683592e+01  3.14360049e-08 -1.42588574e-08 
 4.57088190e+01  3.14359772e-08 -1.45909889e-08 
 4.67735141e+01  3.14359482e-08 -1.49308567e-08 
 4.78630092e+01  3.14359178e-08 -1.52786410e-08 
 4.89778819e+01  3.14358860e-08 -1.56345262e-08 
 5.01187234e+01  3.14358526e-08 -1.59987011e-08 
 5.12861384e+01  3.14358178e-08 -1.63713587e-08 
 5.24807460e+01  3.14357812e-08 -1.67526967e-08 
 5.37031796e+01  3.14357430e-08 -1.71429171e-08 
 5.49540874e+01  3.14357029e-08 -1.75422269e-08 
 5.62341325e+01  3.14356610e-08 -1.79508378e-08 
 5.75439937e+01  3.14356171e-08 -1.83689665e-08 
 5.88843655e+01  3.14355711e-08 -1.87968347e-08 
 6.02559586e+01  3.14355230e-08 -1.92346692e-08 
 6.16595002e+01  3.14354725e-08 -1.96827022e-08 
 6.30957344e+01  3.14354197e-08 -2.01411712e-08 
 6.45654229e+01  3.14353644e-08 -2.06103194e-08 
 6.60693448e+01  3.14353066e-08 -2.10903953e-08 
 6.76082975e+01  3.14352459e-08 -2.15816537e-08 
 6.91830971e+01  3.14351825e-08 -2.20843550e-08 
 7.07945784e+01  3.14351160e-08 -2.25987657e-08 
 7.24435960e+01  3.14350464e-08 -2.31251585e-08 
 7.41310241e+01  3.14349735e-08 -2.36638126e-08 
 7.58577575e+01  3.14348972e-08 -2.42150136e-08 
 7.76247117e+01  3.14348173e-08 -2.47790537e-08 
 7.94328235e+01  3.14347336e-08 -2.53562319e-08 
 8.12830516e+01  3.14346460e-08 -2.59468544e-08 
 8.31763771e+01  3.14345542e-08 -2.65512342e-08 
 8.51138038e+01  3.14344582e-08 -2.71696919e-08 
 8.70963590e+01  3.14343576e-08 -2.78025553e-08 
 8.91250938e+01  3.14342522e-08 -2.84501599e-08 
 9.12010839e+01  3.14341419e-08 -2.91128492e-08 
 9.33254301e+01  3.14340264e-08 -2.97909745e-08 
 9.54992586e+01  3.14339054e-08 -3.04848954e-08 
 9.77237221e+01  3.14337788e-08 -3.11949797e-08 
 1.00000000e+02  3.14336462e-08 -3.19216041e-08 
 1.02329299e+02  3.14335073e-08 -3.26651537e-08 
 1.04712855e+02  3.14333619e-08 -3.34260227e-08 
 1.07151931e+02  3.14332096e-08 -3.42046147e-08 
 1.09647820e+02  3.14330502e-08 -3.50013424e-08 
 1.12201845e+02  3.14328832e-08 -3.58166283e-08 
 1.14815362e+02  3.14327084e-08 -3.66509046e-08 
 1.17489755e+02  3.14325253e-08 -3.75046137e-08 
 1.20226443e+02  3.14323336e-08 -3.83782083e-08 
 1.23026877e+02  3.14321329e-08 -3.92721514e-08 
 1.25892541e+02  3.14319227e-08 -4.01869172e-08 
 1.28824955e+02  3.14317026e-08 -4.11229906e-08 
 1.31825674e+02  3.14314721e-08 -4.20808679e-08 
 1.34896288e+02  3.14312308e-08 -4.30610570e-08 
 1.38038426e+02  3.14309781e-08 -4.40640777e-08 
 1.41253754e+02  3.14307135e-08 -4.50904617e-08 
 1.44543977e+02  3.14304364e-08 -4.61407532e-08 
 1.47910839e+02  3.14301463e-08 -4.72155091e-08 
 1.51356125e+02  3.14298424e-08 -4.83152993e-08 
 1.54881662e+02  3.14295243e-08 -4.94407069e-08 
 1.58489319e+02  3.14291912e-08 -5.05923286e-08 
 1.62181010e+02  3.14288424e-08 -5.17707750e-08 
 1.65958691e+02  3.14284771e-08 -5.29766708e-08 
 1.69824365e+02  3.14280946e-08 -5.42106556e-08 
 1.73780083e+02  3.14276941e-08 -5.54733836e-08 
 1.77827941e+02  3.14272747e-08 -5.67655242e-08 
 1.81970086e+02  3.14268356e-08 -5.80877626e-08 
 1.86208714e+02  3.14263757e-08 -5.94407999e-08 
 1.90546072e+02  3.14258942e-08 -6.08253534e-08 
 1.94984460e+02  3.14253900e-08 -6.22421573e-08 
 1.99526231e+02  3.14248620e-08 -6.36919627e-08 
 2.04173794e+02  3.14243092e-08 -6.51755384e-08 
 2.08929613e+02  3.14237303e-08 -6.66936710e-08 
 2.13796209e+02  3.14231241e-08 -6.82471654e-08 
 2.18776162e+02  3.14224894e-08 -6.98368452e-08 
 2.23872114e+02  3.14218247e-08 -7.14635534e-08 
 2.29086765e+02  3.14211287e-08 -7.31281524e-08 
 2.34422882e+02  3.14203999e-08 -7.48315248e-08 
 2.39883292e+02  3.14196368e-08 -7.65745738e-08 
 2.45470892e+02  3.14188376e-08 -7.83582235e-08 
 2.51188643e+02  3.14180009e-08 -8.01834197e-08 
 2.57039578e+02  3.14171247e-08 -8.20511301e-08 
 2.63026799e+02  3.14162072e-08 -8.39623449e-08 
 2.69153480e+02  3.14152465e-08 -8.59180776e-08 
 2.75422870e+02  3.14142405e-08 -8.79193650e-08 
 2.81838293e+02  3.14131870e-08 -8.99672682e-08 
 2.88403150e+02  3.14120840e-08 -9.20628731e-08 
 2.95120923e+02  3.14109289e-08 -9.42072908e-08 
 3.01995172e+02  3.14097194e-08 -9.64016583e-08 
 3.09029543e+02  3.14084530e-08 -9.86471389e-08 
 3.16227766e+02  3.14071268e-08 -1.00944923e-07 
 3.23593657e+02  3.14057381e-08 -1.03296230e-07 
 3.31131121e+02  3.14042840e-08 -1.05702305e-07 
 3.38844156e+02  3.14027614e-08 -1.08164425e-07 
 3.46736850e+02  3.14011670e-08 -1.10683895e-07 
 3.54813389e+02  3.13994975e-08 -1.13262050e-07 
 3.63078055e+02  3.13977493e-08 -1.15900258e-07 
 3.71535229e+02  3.13959187e-08 -1.18599918e-07 
 3.80189396e+02  3.13940018e-08 -1.21362460e-07 
 3.89045145e+02  3.13919946e-08 -1.24189350e-07 
 3.98107171e+02  3.13898929e-08 -1.27082087e-07 
 4.07380278e+02  3.13876920e-08 -1.30042203e-07 
 4.16869383e+02  3.13853875e-08 -1.33071269e-07 
 4.26579519e+02  3.13829743e-08 -1.36170891e-07 
 4.36515832e+02  3.13804475e-08 -1.39342711e-07 
 4.46683592e+02  3.13778015e-08 -1.42588413e-07 
 4.57088190e+02  3.13750309e-08 -1.45909716e-07 
 4.67735141e+02  3.13721297e-08 -1.49308381e-07 
 4.78630092e+02  3.13690918e-08 -1.52786211e-07 
 4.89778819e+02  3.13659107e-08 -1.56345050e-07 
 5.01187234e+02  3.13625797e-08 -1.59986783e-07 
 5.12861384e+02  3.13590918e-08 -1.63713343e-07 
 5.24807460e+02  3.13554395e-08 -1.67526705e-07 
 5.37031796e+02  3.13516150e-08 -1.71428890e-07 
 5.49540874e+02  3.13476104e-08 -1.75421968e-07 
 5.62341325e+02  3.13434171e-08 -1.79508056e-07 
 5.75439937e+02  3.13390261e-08 -1.83689320e-07 
 5.88843655e+02  3.13344282e-08 -1.87967978e-07 
 6.02559586e+02  3.13296137e-08 -1.92346296e-07 
 6.16595002e+02  3.13245723e-08 -1.96826598e-07 
 6.30957344e+02  3.13192934e-08 -2.01411257e-07 
 6.45654229e+02  3.13137657e-08 -2.06102706e-07 
 6.60693448e+02  3.13079775e-08 -2.10903431e-07 
 6.76082975e+02  3.13019166e-08 -2.15815978e-07 
 6.91830971e+02  3.12955701e-08 -2.20842950e-07 
 7.07945784e+02  3.12889246e-08 -2.25987014e-07 
 7.24435960e+02  3.12819659e-08 -2.31250897e-07 
 7.41310241e+02  3.12746793e-08 -2.36637389e-07 
 7.58577575e+02  3.12670494e-08 -2.42149346e-07 
 7.76247117e+02  3.12590601e-08 -2.47789690e-07 
 7.94328235e+02  3.12506942e-08 -2.53561412e-07 
 8.12830516e+02  3.12419342e-08 -2.59467572e-07 
 8.31763771e+02  3.12327615e-08 -2.65511301e-07 
 8.51138038e+02  3.12231566e-08 -2.71695803e-07 
 8.70963590e+02  3.12130992e-08 -2.78024357e-07 
 8.91250938e+02  3.12025679e-08 -2.84500318e-07 
 9.12010839e+02  3.11915404e-08 -2.91127119e-07 
 9.33254301e+02  3.11799934e-08 -2.97908274e-07 
 9.54992586e+02  3.11679024e-08 -3.04847378e-07 
 9.77237221e+02  3.11552418e-08 -3.11948109e-07 
 1.00000000e+03  3.11419847e-08 -3.19214231e-07 
 1.02329299e+03  3.11281031e-08 -3.26649598e-07 
 1.04712855e+03  3.11135676e-08 -3.34258150e-07 
 1.07151931e+03  3.10983473e-08 -3.42043921e-07 
 1.09647820e+03  3.10824101e-08 -3.50011040e-07 
 1.12201845e+03  3.10657221e-08 -3.58163728e-07 
 1.14815362e+03  3.10482480e-08 -3.66506309e-07 
 1.17489755e+03  3.10299508e-08 -3.75043204e-07 
 1.20226443e+03  3.10107918e-08 -3.83778940e-07 
 1.23026877e+03  3.09907303e-08 -3.92718147e-07 
 1.25892541e+03  3.09697240e-08 -4.01865564e-07 
 1.28824955e+03  3.09477283e-08 -4.11226040e-07 
 1.31825674e+03  3.09246967e-08 -4.20804537e-07 
 1.34896288e+03  3.09005804e-08 -4.30606133e-07 
 1.38038426e+03  3.08753283e-08 -4.40636022e-07 
 1.41253754e+03  3.08488871e-08 -4.50899523e-07 
 1.44543977e+03  3.08212007e-08 -4.61402074e-07 
 1.47910839e+03  3.07922105e-08 -4.72149244e-07 
 1.51356125e+03  3.07618554e-08 -4.83146728e-07 
 1.54881662e+03  3.07300709e-08 -4.94400357e-07 
 1.58489319e+03  3.06967899e-08 -5.05916095e-07 
 1.62181010e+03  3.06619420e-08 -5.17700045e-07 
 1.65958691e+03  3.06254534e-08 -5.29758454e-07 
 1.69824365e+03  3.05872472e-08 -5.42097713e-07 
 1.73780083e+03  3.05472424e-08 -5.54724361e-07 
 1.77827941e+03  3.05053544e-08 -5.67645091e-07 
 1.81970086e+03  3.04614949e-08 -5.80866751e-07 
 1.86208714e+03  3.04155710e-08 -5.94396348e-07 
 1.90546072e+03  3.03674858e-08 -6.08241053e-07 
 1.94984460e+03  3.03171377e-08 -6.22408201e-07 
 1.99526231e+03  3.02644204e-08 -6.36905302e-07 
 2.04173794e+03  3.02092225e-08 -6.51740038e-07 
 2.08929613e+03  3.01514275e-08 -6.66920269e-07 
 2.13796209e+03  3.00909134e-08 -6.82454041e-07 
 2.18776162e+03  3.00275525e-08 -6.98349584e-07 
 2.23872114e+03  2.99612112e-08 -7.14615321e-07 
 2.29086765e+03  2.98917496e-08 -7.31259872e-07 
 2.34422882e+03  2.98190211e-08 -7.48292054e-07 
 2.39883292e+03  2.97428724e-08 -7.65720892e-07 
 2.45470892e+03  2.96631432e-08 -7.83555620e-07 
 2.51188643e+03  2.95796654e-08 -8.01805687e-07 
 2.57039578e+03  2.94922631e-08 -8.20480762e-07 
 2.63026799e+03  2.94007525e-08 -8.39590738e-07 
 2.69153480e+03  2.93049408e-08 -8.59145737e-07 
 2.75422870e+03  2.92046266e-08 -8.79156119e-07 
 2.81838293e+03  2.90995987e-08 -8.99632484e-07 
 2.88403150e+03  2.89896365e-08 -9.20585675e-07 
 2.95120923e+03  2.88745087e-08 -9.42026793e-07 
 3.01995172e+03  2.87539737e-08 -9.63967191e-07 
 3.09029543e+03  2.86277783e-08 -9.86418490e-07 
 3.16227766e+03  2.84956577e-08 -1.00939258e-06 
 3.23593657e+03  2.83573346e-08 -1.03290162e-06 
 3.31131121e+03  2.82125192e-08 -1.05695807e-06 
 3.38844156e+03  2.80609078e-08 -1.08157466e-06 
 3.46736850e+03  2.79021831e-08 -1.10676443e-06 
 3.54813389e+03  2.77360128e-08 -1.13254070e-06 
 3.63078055e+03  2.75620491e-08 -1.15891713e-06 
 3.71535229e+03  2.73799286e-08 -1.18590768e-06 
 3.80189396e+03  2.71892705e-08 -1.21352663e-06 
 3.89045145e+03  2.69896769e-08 -1.24178860e-06 
 3.98107171e+03  2.67807313e-08 -1.27070855e-06 
 4.07380278e+03  2.65619982e-08 -1.30030178e-06 
 4.16869383e+03  2.63330217e-08 -1.33058394e-06 
 4.26579519e+03  2.60933253e-08 -1.36157108e-06 
 4.36515832e+03  2.58424103e-08 -1.39327956e-06 
 4.46683592e+03  2.55797554e-08 -1.42572618e-06 
 4.57088190e+03  2.53048152e-08 -1.45892808e-06 
 4.67735141e+03  2.50170194e-08 -1.49290284e-06 
 4.78630092e+03  2.47157715e-08 -1.52766841e-06 
 4.89778819e+03  2.44004479e-08 -1.56324318e-06 
 5.01187234e+03  2.40703964e-08 -1.59964596e-06 
 5.12861384e+03  2.37249351e-08 -1.63689599e-06 
 5.24807460e+03  2.33633512e-08 -1.67501296e-06 
 5.37031796e+03  2.29848994e-08 -1.71401703e-06 
 5.49540874e+03  2.25888005e-08 -1.75392879e-06 
 5.62341325e+03  2.21742400e-08 -1.79476933e-06 
 5.75439937e+03  2.17403667e-08 -1.83656024e-06 
 5.88843655e+03  2.12862908e-08 -1.87932359e-06 
 6.02559586e+03  2.08110823e-08 -1.92308197e-06 
 6.16595002e+03  2.03137695e-08 -1.96785847e-06 
 6.30957344e+03  1.97933368e-08 -2.01367675e-06 
 6.45654229e+03  1.92487232e-08 -2.06056099e-06 
 6.60693448e+03  1.86788200e-08 -2.10853594e-06 
 6.76082975e+03  1.80824689e-08 -2.15762691e-06 
 6.91830971e+03  1.74584599e-08 -2.20785981e-06 
 7.07945784e+03  1.68055291e-08 -2.25926114e-06 
 7.24435960e+03  1.61223564e-08 -2.31185801e-06 
 7.41310241e+03  1.54075628e-08 -2.36567816e-06 
 7.58577575e+03  1.46597086e-08 -2.42074997e-06 
 7.76247117e+03  1.38772899e-08 -2.47710246e-06 
 7.94328235e+03  1.30587367e-08 -2.53476534e-06 
 8.12830516e+03  1.22024096e-08 -2.59376900e-06 
 8.31763771e+03  1.13065973e-08 -2.65414452e-06 
 8.51138038e+03  1.03695129e-08 -2.71592371e-06 
 8.70963590e+03  9.38929154e-09 -2.77913909e-06 
 8.91250938e+03  8.36398650e-09 -2.84382396e-06 
 9.12010839e+03  7.29156607e-09 -2.91001238e-06 
 9.33254301e+03  6.16990985e-09 -2.97773916e-06 
 9.54992586e+03  4.99680512e-09 -3.04703997e-06 
 9.77237221e+03  3.76994287e-09 -3.11795124e-06 
 1.00000000e+04  2.48691384e-09 -3.19051029e-06 
 1.02329299e+04  1.14520424e-09 -3.26475528e-06 
 1.04712855e+04 -2.57808588e-10 -3.34072524e-06 
 1.07151931e+04 -1.72486085e-09 -3.41846011e-06 
 1.09647820e+04 -3.25880702e-09 -3.49800074e-06 
 1.12201845e+04 -4.86262491e-09 -3.57938894e-06 
 1.14815362e+04 -6.53942089e-09 -3.66266746e-06 
 1.17489755e+04 -8.29243539e-09 -3.74788006e-06 
 1.20226443e+04 -1.01250487e-08 -3.83507148e-06 
 1.23026877e+04 -1.20407868e-08 -3.92428752e-06 
 1.25892541e+04 -1.40433281e-08 -4.01557502e-06 
 1.28824955e+04 -1.61365094e-08 -4.10898190e-06 
 1.31825674e+04 -1.83243337e-08 -4.20455719e-06 
 1.34896288e+04 -2.06109769e-08 -4.30235105e-06 
 1.38038426e+04 -2.30007954e-08 -4.40241481e-06 
 1.41253754e+04 -2.54983348e-08 -4.50480096e-06 
 1.44543977e+04 -2.81083381e-08 -4.60956322e-06 
 1.47910839e+04 -3.08357543e-08 -4.71675656e-06 
 1.51356125e+04 -3.36857485e-08 -4.82643721e-06 
 1.54881662e+04 -3.66637117e-08 -4.93866271e-06 
 1.58489319e+04 -3.97752708e-08 -5.05349191e-06 
 1.62181010e+04 -4.30263004e-08 -5.17098505e-06 
 1.65958691e+04 -4.64229341e-08 -5.29120375e-06 
 1.69824365e+04 -4.99715771e-08 -5.41421108e-06 
 1.73780083e+04 -5.36789189e-08 -5.54007154e-06 
 1.77827941e+04 -5.75519477e-08 -5.66885116e-06 
 1.81970086e+04 -6.15979640e-08 -5.80061748e-06 
 1.86208714e+04 -6.58245971e-08 -5.93543963e-06 
 1.90546072e+04 -7.02398204e-08 -6.07338833e-06 
 1.94984460e+04 -7.48519689e-08 -6.21453594e-06 
 1.99526231e+04 -7.96697572e-08 -6.35895652e-06 
 2.04173794e+04 -8.47022986e-08 -6.50672585e-06 
 2.08929613e+04 -8.99591251e-08 -6.65792146e-06 
 2.13796209e+04 -9.54502086e-08 -6.81262269e-06 
 2.18776162e+04 -1.01185983e-07 -6.97091072e-06 
 2.23872114e+04 -1.07177367e-07 -7.13286865e-06 
 2.29086765e+04 -1.13435792e-07 -7.29858146e-06 
 2.34422882e+04 -1.19973222e-07 -7.46813614e-06 
 2.39883292e+04 -1.26802187e-07 -7.64162170e-06 
 2.45470892e+04 -1.33935808e-07 -7.81912920e-06 
 2.51188643e+04 -1.41387827e-07 -8.00075183e-06 
 2.57039578e+04 -1.49172642e-07 -8.18658493e-06 
 2.63026799e+04 -1.57305333e-07 -8.37672605e-06 
 2.69153480e+04 -1.65801706e-07 -8.57127501e-06 
 2.75422870e+04 -1.74678319e-07 -8.77033392e-06 
 2.81838293e+04 -1.83952528e-07 -8.97400726e-06 
 2.88403150e+04 -1.93642521e-07 -9.18240191e-06 
 2.95120923e+04 -2.03767364e-07 -9.39562721e-06 
 3.01995172e+04 -2.14347039e-07 -9.61379503e-06 
 3.09029543e+04 -2.25402493e-07 -9.83701979e-06 
 3.16227766e+04 -2.36955683e-07 -1.00654185e-05 
 3.23593657e+04 -2.49029627e-07 -1.02991110e-05 
 3.31131121e+04 -2.61648453e-07 -1.05382196e-05 
 3.38844156e+04 -2.74837452e-07 -1.07828696e-05 
 3.46736850e+04 -2.88623138e-07 -1.10331891e-05 
 3.54813389e+04 -3.03033301e-07 -1.12893091e-05 
 3.63078055e+04 -3.18097071e-07 -1.15513635e-05 
 3.71535229e+04 -3.33844978e-07 -1.18194893e-05 
 3.80189396e+04 -3.50309023e-07 -1.20938265e-05 
 3.89045145e+04 -3.67522741e-07 -1.23745184e-05 
 3.98107171e+04 -3.85521278e-07 -1.26617113e-05 
 4.07380278e+04 -4.04341461e-07 -1.29555550e-05 
 4.16869383e+04 -4.24021880e-07 -1.32562024e-05 
 4.26579519e+04 -4.44602968e-07 -1.35638099e-05 
 4.36515832e+04 -4.66127086e-07 -1.38785373e-05 
 4.46683592e+04 -4.88638611e-07 -1.42005481e-05 
 4.57088190e+04 -5.12184033e-07 -1.45300092e-05 
 4.67735141e+04 -5.36812045e-07 -1.48670912e-05 
 4.78630092e+04 -5.62573649e-07 -1.52119685e-05 
 4.89778819e+04 -5.89522262e-07 -1.55648193e-05 
 5.01187234e+04 -6.17713824e-07 -1.59258254e-05 
 5.12861384e+04 -6.47206914e-07 -1.62951730e-05 
 5.24807460e+04 -6.78062871e-07 -1.66730518e-05 
 5.37031796e+04 -7.10345919e-07 -1.70596560e-05 
 5.49540874e+04 -7.44123301e-07 -1.74551836e-05 
 5.62341325e+04 -7.79465413e-07 -1.78598370e-05 
 5.75439937e+04 -8.16445950e-07 -1.82738228e-05 
 5.88843655e+04 -8.55142056e-07 -1.86973520e-05 
 6.02559586e+04 -8.95634480e-07 -1.91306399e-05 
 6.16595002e+04 -9.38007739e-07 -1.95739065e-05 
 6.30957344e+04 -9.82350292e-07 -2.00273761e-05 
 6.45654229e+04 -1.02875472e-06 -2.04912778e-05 
 6.60693448e+04 -1.07731790e-06 -2.09658452e-05 
 6.76082975e+04 -1.12814122e-06 -2.14513168e-05 
 6.91830971e+04 -1.18133077e-06 -2.19479360e-05 
 7.07945784e+04 -1.23699757e-06 -2.24559507e-05 
 7.24435960e+04 -1.29525775e-06 -2.29756141e-05 
 7.41310241e+04 -1.35623284e-06 -2.35071841e-05 
 7.58577575e+04 -1.42004998e-06 -2.40509240e-05 
 7.76247117e+04 -1.48684216e-06 -2.46071017e-05 
 7.94328235e+04 -1.55674852e-06 -2.51759907e-05 
 8.12830516e+04 -1.62991461e-06 -2.57578693e-05 
 8.31763771e+04 -1.70649264e-06 -2.63530212e-05 
 8.51138038e+04 -1.78664185e-06 -2.69617354e-05 
 8.70963590e+04 -1.87052876e-06 -2.75843061e-05 
 8.91250938e+04 -1.95832753e-06 -2.82210328e-05 
 9.12010839e+04 -2.05022028e-06 -2.88722202e-05 
 9.33254301e+04 -2.14639745e-06 -2.95381785e-05 
 9.54992586e+04 -2.24705817e-06 -3.02192232e-05 
 9.77237221e+04 -2.35241064e-06 -3.09156750e-05 
 1.00000000e+05 -2.46267252e-06 -3.16278601e-05 
 1.02329299e+05 -2.57807137e-06 -3.23561098e-05 
 1.04712855e+05 -2.69884503e-06 -3.31007606e-05 
 1.07151931e+05 -2.82524212e-06 -3.38621544e-05 
 1.09647820e+05 -2.95752248e-06 -3.46406381e-05 
 1.12201845e+05 -3.09595767e-06 -3.54365636e-05 
 1.14815362e+05 -3.24083142e-06 -3.62502879e-05 
 1.17489755e+05 -3.39244023e-06 -3.70821728e-05 
 1.20226443e+05 -3.55109385e-06 -3.79325847e-05 
 1.23026877e+05 -3.71711586e-06 -3.88018948e-05 
 1.25892541e+05 -3.89084424e-06 -3.96904787e-05 
 1.28824955e+05 -4.07263199e-06 -4.05987160e-05 
 1.31825674e+05 -4.26284774e-06 -4.15269906e-05 
 1.34896288e+05 -4.46187640e-06 -4.24756901e-05 
 1.38038426e+05 -4.67011980e-06 -4.34452057e-05 
 1.41253754e+05 -4.88799741e-06 -4.44359317e-05 
 1.44543977e+05 -5.11594703e-06 -4.54482656e-05 
 1.47910839e+05 -5.35442552e-06 -4.64826071e-05 
 1.51356125e+05 -5.60390958e-06 -4.75393584e-05 
 1.54881662e+05 -5.86489649e-06 -4.86189234e-05 
 1.58489319e+05 -6.13790490e-06 -4.97217072e-05 
 1.62181010e+05 -6.42347572e-06 -5.08481158e-05 
 1.65958691e+05 -6.72217286e-06 -5.19985553e-05 
 1.69824365e+05 -7.03458417e-06 -5.31734316e-05 
 1.73780083e+05 -7.36132230e-06 -5.43731495e-05 
 1.77827941e+05 -7.70302558e-06 -5.55981119e-05 
 1.81970086e+05 -8.06035897e-06 -5.68487195e-05 
 1.86208714e+05 -8.43401497e-06 -5.81253694e-05 
 1.90546072e+05 -8.82471460e-06 -5.94284546e-05 
 1.94984460e+05 -9.23320834e-06 -6.07583627e-05 
 1.99526231e+05 -9.66027712e-06 -6.21154754e-05 
 2.04173794e+05 -1.01067333e-05 -6.35001668e-05 
 2.08929613e+05 -1.05734218e-05 -6.49128023e-05 
 2.13796209e+05 -1.10612208e-05 -6.63537378e-05 
 2.18776162e+05 -1.15710430e-05 -6.78233178e-05 
 2.23872114e+05 -1.21038366e-05 -6.93218739e-05 
 2.29086765e+05 -1.26605861e-05 -7.08497238e-05 
 2.34422882e+05 -1.32423137e-05 -7.24071689e-05 
 2.39883292e+05 -1.38500797e-05 -7.39944931e-05 
 2.45470892e+05 -1.44849838e-05 -7.56119606e-05 
 2.51188643e+05 -1.51481662e-05 -7.72598138e-05 
 2.57039578e+05 -1.58408079e-05 -7.89382714e-05 
 2.63026799e+05 -1.65641322e-05 -8.06475261e-05 
 2.69153480e+05 -1.73194050e-05 -8.23877420e-05 
 2.75422870e+05 -1.81079358e-05 -8.41590521e-05 
 2.81838293e+05 -1.89310783e-05 -8.59615557e-05 
 2.88403150e+05 -1.97902309e-05 -8.77953158e-05 
 2.95120923e+05 -2.06868374e-05 -8.96603554e-05 
 3.01995172e+05 -2.16223872e-05 -9.15566552e-05 
 3.09029543e+05 -2.25984157e-05 -9.34841499e-05 
 3.16227766e+05 -2.36165045e-05 -9.54427244e-05 
 3.23593657e+05 -2.46782813e-05 -9.74322112e-05 
 3.31131121e+05 -2.57854197e-05 -9.94523854e-05 
 3.38844156e+05 -2.69396392e-05 -1.01502962e-04 
 3.46736850e+05 -2.81427042e-05 -1.03583590e-04 
 3.54813389e+05 -2.93964238e-05 -1.05693852e-04 
 3.63078055e+05 -3.07026505e-05 -1.07833253e-04 
 3.71535229e+05 -3.20632790e-05 -1.10001225e-04 
 3.80189396e+05 -3.34802449e-05 -1.12197114e-04 
 3.89045145e+05 -3.49555230e-05 -1.14420178e-04 
 3.98107171e+05 -3.64911247e-05 -1.16669587e-04 
 4.07380278e+05 -3.80890964e-05 -1.18944409e-04 
 4.16869383e+05 -3.97515158e-05 -1.21243612e-04 
 4.26579519e+05 -4.14804896e-05 -1.23566057e-04 
 4.36515832e+05 -4.32781492e-05 -1.25910489e-04 
 4.46683592e+05 -4.51466471e-05 -1.28275539e-04 
 4.57088190e+05 -4.70881524e-05 -1.30659713e-04 
 4.67735141e+05 -4.91048458e-05 -1.33061388e-04 
 4.78630092e+05 -5.11989140e-05 -1.35478808e-04 
 4.89778819e+05 -5.33725441e-05 -1.37910078e-04 
 5.01187234e+05 -5.56279168e-05 -1.40353161e-04 
 5.12861384e+05 -5.79671994e-05 -1.42805870e-04 
 5.24807460e+05 -6.03925386e-05 -1.45265866e-04 
 5.37031796e+05 -6.29060517e-05 -1.47730654e-04 
 5.49540874e+05 -6.55098184e-05 -1.50197577e-04 
 5.62341325e+05 -6.82058710e-05 -1.52663816e-04 
 5.75439937e+05 -7.09961852e-05 -1.55126383e-04 
 5.88843655e+05 -7.38826687e-05 -1.57582122e-04 
 6.02559586e+05 -7.68671514e-05 -1.60027706e-04 
 6.16595002e+05 -7.99513726e-05 -1.62459634e-04 
 6.30957344e+05 -8.31369701e-05 -1.64874233e-04 
 6.45654229e+05 -8.64254670e-05 -1.67267660e-04 
 6.60693448e+05 -8.98182593e-05 -1.69635897e-04 
 6.76082975e+05 -9.33166023e-05 -1.71974759e-04 
 6.91830971e+05 -9.69215976e-05 -1.74279896e-04 
 7.07945784e+05 -1.00634179e-04 -1.76546795e-04 
 7.24435960e+05 -1.04455098e-04 -1.78770789e-04 
 7.41310241e+05 -1.08384911e-04 -1.80947058e-04 
 7.58577575e+05 -1.12423966e-04 -1.83070644e-04 
 7.76247117e+05 -1.16572387e-04 -1.85136454e-04 
 7.94328235e+05 -1.20830062e-04 -1.87139274e-04 
 8.12830516e+05 -1.25196630e-04 -1.89073780e-04 
 8.31763771e+05 -1.29671467e-04 -1.90934550e-04 
 8.51138038e+05 -1.34253677e-04 -1.92716078e-04 
 8.70963590e+05 -1.38942079e-04 -1.94412791e-04 
 8.91250938e+05 -1.43735197e-04 -1.96019067e-04 
 9.12010839e+05 -1.48631253e-04 -1.97529251e-04 
 9.33254301e+05 -1.53628159e-04 -1.98937672e-04 
 9.54992586e+05 -1.58723508e-04 -2.00238671e-04 
 9.77237221e+05 -1.63914574e-04 -2.01426613e-04 
 1.00000000e+06 -1.69198306e-04 -2.02495916e-04 
 1.02329299e+06 -1.74571325e-04 -2.03441069e-04 
 1.04712855e+06 -1.80029932e-04 -2.04256658e-04 
 1.07151931e+06 -1.85570101e-04 -2.04937389e-04 
 1.09647820e+06 -1.91187494e-04 -2.05478109e-04 
 1.12201845e+06 -1.96877457e-04 -2.05873834e-04 
 1.14815362e+06 -2.02635039e-04 -2.06119768e-04 
 1.17489755e+06 -2.08454996e-04 -2.06211329e-04 
 1.20226443e+06 -2.14331807e-04 -2.06144168e-04 
 1.23026877e+06 -2.20259690e-04 -2.05914193e-04 
 1.25892541e+06 -2.26232616e-04 -2.05517585e-04 
 1.28824955e+06 -2.32244331e-04 -2.04950821e-04 
 1.31825674e+06 -2.38288375e-04 -2.04210689e-04 
 1.34896288e+06 -2.44358106e-04 -2.03294302e-04 
 1.38038426e+06 -2.50446723e-04 -2.02199113e-04 
 1.41253754e+06 -2.56547288e-04 -2.00922923e-04 
 1.44543977e+06 -2.62652756e-04 -1.99463896e-04 
 1.47910839e+06 -2.68756002e-04 -1.97820558e-04 
 1.51356125e+06 -2.74849843e-04 -1.95991807e-04 
 1.54881662e+06 -2.80927071e-04 -1.93976914e-04 
 1.58489319e+06 -2.86980477e-04 -1.91775517e-04 
 1.62181010e+06 -2.93002881e-04 -1.89387625e-04 
 1.65958691e+06 -2.98987156e-04 -1.86813608e-04 
 1.69824365e+06 -3.04926256e-04 -1.84054189e-04 
 1.73780083e+06 -3.10813239e-04 -1.81110437e-04 
 1.77827941e+06 -3.16641294e-04 -1.77983751e-04 
 1.81970086e+06 -3.22403760e-04 -1.74675847e-04 
 1.86208714e+06 -3.28094149e-04 -1.71188742e-04 
 1.90546072e+06 -3.33706165e-04 -1.67524737e-04 
 1.94984460e+06 -3.39233718e-04 -1.63686395e-04 
 1.99526231e+06 -3.44670945e-04 -1.59676526e-04 
 2.04173794e+06 -3.50012217e-04 -1.55498158e-04 
 2.08929613e+06 -3.55252156e-04 -1.51154522e-04 
 2.13796209e+06 -3.60385637e-04 -1.46649025e-04 
 2.18776162e+06 -3.65407801e-04 -1.41985228e-04 
 2.23872114e+06 -3.70314055e-04 -1.37166823e-04 
 2.29086765e+06 -3.75100077e-04 -1.32197612e-04 
 2.34422882e+06 -3.79761813e-04 -1.27081480e-04 
 2.39883292e+06 -3.84295480e-04 -1.21822376e-04 
 2.45470892e+06 -3.88697559e-04 -1.16424291e-04 
 2.51188643e+06 -3.92964787e-04 -1.10891239e-04 
 2.57039578e+06 -3.97094158e-04 -1.05227231e-04 
 2.63026799e+06 -4.01082906e-04 -9.94362661e-05 
 2.69153480e+06 -4.04928500e-04 -9.35223049e-05 
 2.75422870e+06 -4.08628630e-04 -8.74892595e-05 
 2.81838293e+06 -4.12181198e-04 -8.13409763e-05 
 2.88403150e+06 -4.15584300e-04 -7.50812231e-05 
 2.95120923e+06 -4.18836217e-04 -6.87136776e-05 
 3.01995172e+06 -4.21935397e-04 -6.22419166e-05 
 3.09029543e+06 -4.24880439e-04 -5.56694076e-05 
 3.16227766e+06 -4.27670081e-04 -4.89995010e-05 
 3.23593657e+06 -4.30303183e-04 -4.22354244e-05 
 3.31131121e+06 -4.32778706e-04 -3.53802782e-05 
 3.38844156e+06 -4.35095706e-04 -2.84370326e-05 
 3.46736850e+06 -4.37253308e-04 -2.14085255e-05 
 3.54813389e+06 -4.39250696e-04 -1.42974625e-05 
 3.63078055e+06 -4.41087097e-04 -7.10641798e-06 
 3.71535229e+06 -4.42761764e-04  1.62163344e-07 
 3.80189396e+06 -4.44273962e-04  7.50596266e-06 
 3.89045145e+06 -4.45622956e-04  1.49227829e-05 
 3.98107171e+06 -4.46807995e-04  2.24105431e-05 
 4.07380278e+06 -4.47828298e-04  2.99672724e-05 
 4.16869383e+06 -4.48683046e-04  3.75911022e-05 
 4.26579519e+06 -4.49371365e-04  4.52802584e-05 
 4.36515832e+06 -4.49892319e-04  5.30330520e-05 
 4.46683592e+06 -4.50244897e-04  6.08478699e-05 
 4.57088190e+06 -4.50428006e-04  6.87231637e-05 
 4.67735141e+06 -4.50440459e-04  7.66574392e-05 
 4.78630092e+06 -4.50280971e-04  8.46492442e-05 
 4.89778819e+06 -4.49948150e-04  9.26971566e-05 
 5.01187234e+06 -4.49440488e-04  1.00799771e-04 
 5.12861384e+06 -4.48756362e-04  1.08955687e-04 
 5.24807460e+06 -4.47894023e-04  1.17163492e-04 
 5.37031796e+06 -4.46851596e-04  1.25421751e-04 
 5.49540874e+06 -4.45627078e-04  1.33728989e-04 
 5.62341325e+06 -4.44218334e-04  1.42083680e-04 
 5.75439937e+06 -4.42623097e-04  1.50484226e-04 
 5.88843655e+06 -4.40838968e-04  1.58928947e-04 
 6.02559586e+06 -4.38863421e-04  1.67416063e-04 
 6.16595002e+06 -4.36693799e-04  1.75943678e-04 
 6.30957344e+06 -4.34327321e-04  1.84509766e-04 
 6.45654229e+06 -4.31761088e-04  1.93112150e-04 
 6.60693448e+06 -4.28992085e-04  2.01748495e-04 
 6.76082975e+06 -4.26017193e-04  2.10416281e-04 
 6.91830971e+06 -4.22833189e-04  2.19112797e-04 
 7.07945784e+06 -4.19436764e-04  2.27835120e-04 
 7.24435960e+06 -4.15824528e-04  2.36580097e-04 
 7.41310241e+06 -4.11993025e-04  2.45344339e-04 
 7.58577575e+06 -4.07938744e-04  2.54124194e-04 
 7.76247117e+06 -4.03658135e-04  2.62915745e-04 
 7.94328235e+06 -3.99147622e-04  2.71714785e-04 
 8.12830516e+06 -3.94403626e-04  2.80516812e-04 
 8.31763771e+06 -3.89422578e-04  2.89317013e-04 
 8.51138038e+06 -3.84200943e-04  2.98110253e-04 
 8.70963590e+06 -3.78735238e-04  3.06891065e-04 
 8.91250938e+06 -3.73022058e-04  3.15653642e-04 
 9.12010839e+06 -3.67058100e-04  3.24391825e-04 
 9.33254301e+06 -3.60840184e-04  3.33099103e-04 
 9.54992586e+06 -3.54365286e-04  3.41768601e-04 
 9.77237221e+06 -3.47630562e-04  3.50393086e-04 
 1.00000000e+07 -3.40633378e-04  3.58964955e-04 
 1.02329299e+07 -3.33371340e-04  3.67476245e-04 
 1.04712855e+07 -3.25842323e-04  3.75918632e-04 
 1.07151931e+07 -3.18044506e-04  3.84283439e-04 
 1.09647820e+07 -3.09976400e-04  3.92561641e-04 
 1.12201845e+07 -3.01636883e-04  4.00743878e-04 
 1.14815362e+07 -2.93025231e-04  4.08820470e-04 
 1.17489755e+07 -2.84141151e-04  4.16781428e-04 
 1.20226443e+07 -2.74984811e-04  4.24616481e-04 
 1.23026877e+07 -2.65556875e-04  4.32315094e-04 
 1.25892541e+07 -2.55858530e-04  4.39866491e-04 
 1.28824955e+07 -2.45891516e-04  4.47259692e-04 
 1.31825674e+07 -2.35658152e-04  4.54483535e-04 
 1.34896288e+07 -2.25161367e-04  4.61526719e-04 
 1.38038426e+07 -2.14404716e-04  4.68377837e-04 
 1.41253754e+07 -2.03392406e-04  4.75025418e-04 
 1.44543977e+07 -1.92129313e-04  4.81457970e-04 
 1.47910839e+07 -1.80620996e-04  4.87664024e-04 
 1.51356125e+07 -1.68873709e-04  4.93632187e-04 
 1.54881662e+07 -1.56894408e-04  4.99351185e-04 
 1.58489319e+07 -1.44690754e-04  5.04809921e-04 
 1.62181010e+07 -1.32271113e-04  5.09997522e-04 
 1.65958691e+07 -1.19644552e-04  5.14903395e-04 
 1.69824365e+07 -1.06820826e-04  5.19517282e-04 
 1.73780083e+07 -9.38103633e-05  5.23829310e-04 
 1.77827941e+07 -8.06242489e-05  5.27830050e-04 
 1.81970086e+07 -6.72741969e-05  5.31510563e-04 
 1.86208714e+07 -5.37725218e-05  5.34862455e-04 
 1.90546072e+07 -4.01321047e-05  5.37877922e-04 
 1.94984460e+07 -2.63663539e-05  5.40549802e-04 
 1.99526231e+07 -1.24891621e-05  5.42871610e-04 
 2.04173794e+07  1.48514115e-06  5.44837584e-04 
 2.08929613e+07  1.55418403e-05  5.46442717e-04 
 2.13796209e+07  2.96658881e-05  5.47682789e-04 
 2.18776162e+07  4.38419633e-05  5.48554393e-04 
 2.23872114e+07  5.80545300e-05  5.49054957e-04 
 2.29086765e+07  7.22878994e-05  5.49182762e-04 
 2.34422882e+07  8.65262928e-05  5.48936946e-04 
 2.39883292e+07  1.00753905e-04  5.48317517e-04 
 2.45470892e+07  1.14954971e-04  5.47325347e-04 
 2.51188643e+07  1.29113824e-04  5.45962167e-04 
 2.57039578e+07  1.43214963e-04  5.44230556e-04 
 2.63026799e+07  1.57243115e-04  5.42133921e-04 
 2.69153480e+07  1.71183287e-04  5.39676479e-04 
 2.75422870e+07  1.85020832e-04  5.36863223e-04 
 2.81838293e+07  1.98741495e-04  5.33699897e-04 
 2.88403150e+07  2.12331465e-04  5.30192952e-04 
 2.95120923e+07  2.25777427e-04  5.26349511e-04 
 3.01995172e+07  2.39066593e-04  5.22177325e-04 
 3.09029543e+07  2.52186750e-04  5.17684721e-04 
 3.16227766e+07  2.65126288e-04  5.12880560e-04 
 3.23593657e+07  2.77874228e-04  5.07774182e-04 
 3.31131121e+07  2.90420247e-04  5.02375350e-04 
 3.38844156e+07  3.02754696e-04  4.96694207e-04 
 3.46736850e+07  3.14868614e-04  4.90741210e-04 
 3.54813389e+07  3.26753735e-04  4.84527084e-04 
 3.63078055e+07  3.38402493e-04  4.78062767e-04 
 3.71535229e+07  3.49808022e-04  4.71359357e-04 
 3.80189396e+07  3.60964154e-04  4.64428061e-04 
 3.89045145e+07  3.71865404e-04  4.57280144e-04 
 3.98107171e+07  3.82506963e-04  4.49926886e-04 
 4.07380278e+07  3.92884679e-04  4.42379533e-04 
 4.16869383e+07  4.02995043e-04  4.34649257e-04 
 4.26579519e+07  4.12835159e-04  4.26747113e-04 
 4.36515832e+07  4.22402727e-04  4.18684007e-04 
 4.46683592e+07  4.31696015e-04  4.10470656e-04 
 4.57088190e+07  4.40713827e-04  4.02117561e-04 
 4.67735141e+07  4.49455478e-04  3.93634980e-04 
 4.78630092e+07  4.57920762e-04  3.85032899e-04 
 4.89778819e+07  4.66109919e-04  3.76321014e-04 
 5.01187234e+07  4.74023603e-04  3.67508712e-04 
 5.12861384e+07  4.81662849e-04  3.58605053e-04 
 5.24807460e+07  4.89029044e-04  3.49618760e-04 
 5.37031796e+07  4.96123888e-04  3.40558208e-04 
 5.49540874e+07  5.02949370e-04  3.31431415e-04 
 5.62341325e+07  5.09507727e-04  3.22246040e-04 
 5.75439937e+07  5.15801422e-04  3.13009379e-04 
 5.88843655e+07  5.21833107e-04  3.03728366e-04 
 6.02559586e+07  5.27605599e-04  2.94409572e-04 
 6.16595002e+07  5.33121850e-04  2.85059211e-04 
 6.30957344e+07  5.38384918e-04  2.75683147e-04 
 6.45654229e+07  5.43397946e-04  2.66286896e-04 
 6.60693448e+07  5.48164133e-04  2.56875642e-04 
 6.76082975e+07  5.52686717e-04  2.47454239e-04 
 6.91830971e+07  5.56968945e-04  2.38027229e-04 
 7.07945784e+07  5.61014063e-04  2.28598850e-04 
 7.24435960e+07  5.64825287e-04  2.19173048e-04 
 7.41310241e+07  5.68405793e-04  2.09753498e-04 
 7.58577575e+07  5.71758699e-04  2.00343608e-04 
 7.76247117e+07  5.74887049e-04  1.90946546e-04 
 7.94328235e+07  5.77793799e-04  1.81565245e-04 
 8.12830516e+07  5.80481810e-04  1.72202426e-04 
 8.31763771e+07  5.82953832e-04  1.62860613e-04 
 8.51138038e+07  5.85212495e-04  1.53542148e-04 
 8.70963590e+07  5.87260306e-04  1.44249208e-04 
 8.91250938e+07  5.89099636e-04  1.34983826e-04 
 9.12010839e+07  5.90732718e-04  1.25747905e-04 
 9.33254301e+07  5.92161641e-04  1.16543233e-04 
 9.54992586e+07  5.93388346e-04  1.07371505e-04 
 9.77237221e+07  5.94414628e-04  9.82343383e-05 
 1.00000000e+08  5.95242129e-04  8.91332879e-05 
 1.02329299e+08  5.95872340e-04  8.00698655e-05 
 1.04712855e+08  5.96306604e-04  7.10455551e-05 
 1.07151931e+08  5.96546117e-04  6.20618298e-05 
 1.09647820e+08  5.96591930e-04  5.31201678e-05 
 1.12201845e+08  5.96444955e-04  4.42220687e-05 
 1.14815362e+08  5.96105967e-04  3.53690686e-05 
 1.17489755e+08  5.95575614e-04  2.65627556e-05 
 1.20226443e+08  5.94854422e-04  1.78047844e-05 
 1.23026877e+08  5.93942804e-04  9.09689062e-06 
 1.25892541e+08  5.92841068e-04  4.40904408e-07 
 1.28824955e+08  5.91549429e-04 -8.16123624e-06 
 1.31825674e+08  5.90068019e-04 -1.67074731e-05 
 1.34896288e+08  5.88396897e-04 -2.51956157e-05 
 1.38038426e+08  5.86536068e-04 -3.36233307e-05 
 1.41253754e+08  5.84485490e-04 -4.19881312e-05 
 1.44543977e+08  5.82245093e-04 -5.02873678e-05 
 1.47910839e+08  5.79814793e-04 -5.85182201e-05 
 1.51356125e+08  5.77194513e-04 -6.66776897e-05 
 1.54881662e+08  5.74384190e-04 -7.47625936e-05 
 1.58489319e+08  5.71383806e-04 -8.27695601e-05 
 1.62181010e+08  5.68193397e-04 -9.06950248e-05 
 1.65958691e+08  5.64813077e-04 -9.85352283e-05 
 1.69824365e+08  5.61243055e-04 -1.06286216e-04 
 1.73780083e+08  5.57483660e-04 -1.13943839e-04 
 1.77827941e+08  5.53535355e-04 -1.21503757e-04 
 1.81970086e+08  5.49398764e-04 -1.28961440e-04 
 1.86208714e+08  5.45074688e-04 -1.36312180e-04 
 1.90546072e+08  5.40564131e-04 -1.43551093e-04 
 1.94984460e+08  5.35868316e-04 -1.50673132e-04 
 1.99526231e+08  5.30988705e-04 -1.57673098e-04 
 2.04173794e+08  5.25927023e-04 -1.64545654e-04 
 2.08929613e+08  5.20685273e-04 -1.71285342e-04 
 2.13796209e+08  5.15265756e-04 -1.77886596e-04 
 2.18776162e+08  5.09671087e-04 -1.84343768e-04 
 2.23872114e+08  5.03904209e-04 -1.90651143e-04 
 2.29086765e+08  4.97968409e-04 -1.96802968e-04 
 2.34422882e+08  4.91867330e-04 -2.02793472e-04 
 2.39883292e+08  4.85604982e-04 -2.08616894e-04 
 2.45470892e+08  4.79185745e-04 -2.14267513e-04 
 2.51188643e+08  4.72614383e-04 -2.19739673e-04 
 2.57039578e+08  4.65896042e-04 -2.25027815e-04 
 2.63026799e+08  4.59036249e-04 -2.30126510e-04 
 2.69153480e+08  4.52040916e-04 -2.35030485e-04 
 2.75422870e+08  4.44916333e-04 -2.39734659e-04 
 2.81838293e+08  4.37669155e-04 -2.44234174e-04 
 2.88403150e+08  4.30306400e-04 -2.48524425e-04 
 2.95120923e+08  4.22835431e-04 -2.52601090e-04 
 3.01995172e+08  4.15263937e-04 -2.56460164e-04 
 3.09029543e+08  4.07599919e-04 -2.60097984e-04 
 3.16227766e+08  3.99851665e-04 -2.63511258e-04 
 3.23593657e+08  3.92027725e-04 -2.66697089e-04 
 3.31131121e+08  3.84136884e-04 -2.69653002e-04 
 3.38844156e+08  3.76188134e-04 -2.72376959e-04 
 3.46736850e+08  3.68190641e-04 -2.74867386e-04 
 3.54813389e+08  3.60153710e-04 -2.77123179e-04 
 3.63078055e+08  3.52086756e-04 -2.79143727e-04 
 3.71535229e+08  3.43999259e-04 -2.80928913e-04 
 3.80189396e+08  3.35900736e-04 -2.82479126e-04 
 3.89045145e+08  3.27800697e-04 -2.83795262e-04 
 3.98107171e+08  3.19708613e-04 -2.84878725e-04 
 4.07380278e+08  3.11633873e-04 -2.85731421e-04 
 4.16869383e+08  3.03585749e-04 -2.86355753e-04 
 4.26579519e+08  2.95573363e-04 -2.86754613e-04 
 4.36515832e+08  2.87605648e-04 -2.86931365e-04 
 4.46683592e+08  2.79691316e-04 -2.86889829e-04 
 4.57088190e+08  2.71838826e-04 -2.86634265e-04 
 4.67735141e+08  2.64056356e-04 -2.86169350e-04 
 4.78630092e+08  2.56351773e-04 -2.85500155e-04 
 4.89778819e+08  2.48732609e-04 -2.84632115e-04 
 5.01187234e+08  2.41206039e-04 -2.83571008e-04 
 5.12861384e+08  2.33778861e-04 -2.82322921e-04 
 5.24807460e+08  2.26457479e-04 -2.80894223e-04 
 5.37031796e+08  2.19247889e-04 -2.79291529e-04 
 5.49540874e+08  2.12155668e-04 -2.77521674e-04 
 5.62341325e+08  2.05185965e-04 -2.75591679e-04 
 5.75439937e+08  1.98343497e-04 -2.73508716e-04 
 5.88843655e+08  1.91632544e-04 -2.71280083e-04 
 6.02559586e+08  1.85056951e-04 -2.68913164e-04 
 6.16595002e+08  1.78620131e-04 -2.66415407e-04 
 6.30957344e+08  1.72325066e-04 -2.63794288e-04 
 6.45654229e+08  1.66174319e-04 -2.61057289e-04 
 6.60693448e+08  1.60170039e-04 -2.58211866e-04 
 6.76082975e+08  1.54313974e-04 -2.55265424e-04 
 6.91830971e+08  1.48607483e-04 -2.52225296e-04 
 7.07945784e+08  1.43051551e-04 -2.49098720e-04 
 7.24435960e+08  1.37646801e-04 -2.45892817e-04 
 7.41310241e+08  1.32393515e-04 -2.42614572e-04 
 7.58577575e+08  1.27291647e-04 -2.39270820e-04 
 7.76247117e+08  1.22340844e-04 -2.35868229e-04 
 7.94328235e+08  1.17540461e-04 -2.32413288e-04 
 8.12830516e+08  1.12889583e-04 -2.28912294e-04 
 8.31763771e+08  1.08387041e-04 -2.25371343e-04 
 8.51138038e+08  1.04031433e-04 -2.21796322e-04 
 8.70963590e+08  9.98211400e-05 -2.18192905e-04 
 8.91250938e+08  9.57543461e-05 -2.14566544e-04 
 9.12010839e+08  9.18290567e-05 -2.10922467e-04 
 9.33254301e+08  8.80431149e-05 -2.07265678e-04 
 9.54992586e+08  8.43942189e-05 -2.03600953e-04 
 9.77237221e+08  8.08799383e-05 -1.99932845e-04 
 1.00000000e+09  7.74977296e-05 -1.96265678e-04 
